# Force and moment coefficients
# dragDir     : (1.000000e+00 0.000000e+00 0.000000e+00)
# sideDir     : (0.000000e+00 1.000000e+00 0.000000e+00)
# liftDir     : (0.000000e+00 0.000000e+00 1.000000e+00)
# rollAxis    : (1.000000e+00 0.000000e+00 0.000000e+00)
# pitchAxis   : (0.000000e+00 1.000000e+00 0.000000e+00)
# yawAxis     : (0.000000e+00 0.000000e+00 1.000000e+00)
# magUInf     : 2.000000e+01
# lRef        : 1.420000e+00
# Aref        : 7.500000e-01
# CofR        : (7.200000e-01 0.000000e+00 0.000000e+00)
#
# Time        	Cd            	Cd(f)         	Cd(r)         	Cl            	Cl(f)         	Cl(r)         	CmPitch       	CmRoll        	CmYaw         	Cs            	Cs(f)         	Cs(r)         
1             	1.330835e+00	6.692313e-01	6.616038e-01	-3.958711e-02	5.452140e-01	-5.848011e-01	5.650076e-01	3.813759e-03	-2.008843e-03	-2.212670e-02	-1.307219e-02	-9.054507e-03
2             	1.527014e+00	7.711788e-01	7.558350e-01	-5.353750e-02	6.247537e-01	-6.782913e-01	6.515225e-01	7.671906e-03	-2.990820e-03	-3.201917e-02	-1.900041e-02	-1.301877e-02
3             	1.341740e+00	6.782320e-01	6.635078e-01	-3.949036e-02	5.548779e-01	-5.943683e-01	5.746231e-01	7.362083e-03	-8.614943e-04	-2.905782e-02	-1.539040e-02	-1.366741e-02
4             	1.091431e+00	5.500263e-01	5.414044e-01	-2.855003e-02	4.521687e-01	-4.807188e-01	4.664438e-01	4.310959e-03	1.930253e-03	-1.942793e-02	-7.783711e-03	-1.164422e-02
5             	8.908176e-01	4.463358e-01	4.444819e-01	-2.157728e-02	3.674748e-01	-3.890520e-01	3.782634e-01	9.269410e-04	4.338999e-03	-1.082659e-02	-1.074294e-03	-9.752293e-03
6             	7.405554e-01	3.699579e-01	3.705975e-01	-1.023336e-02	3.069905e-01	-3.172238e-01	3.121071e-01	-3.198064e-04	4.274872e-03	-8.149865e-03	1.999396e-04	-8.349805e-03
7             	6.343323e-01	3.173369e-01	3.169954e-01	7.317206e-04	2.651932e-01	-2.644615e-01	2.648273e-01	1.707040e-04	2.186352e-03	-9.585907e-03	-2.606602e-03	-6.979305e-03
8             	5.629493e-01	2.835658e-01	2.793835e-01	7.803961e-03	2.362073e-01	-2.284034e-01	2.323054e-01	2.091148e-03	-1.229051e-03	-1.458331e-02	-8.520705e-03	-6.062603e-03
9             	5.162911e-01	2.634624e-01	2.528288e-01	1.220100e-02	2.165129e-01	-2.043119e-01	2.104124e-01	5.316785e-03	-4.974254e-03	-2.217145e-02	-1.605998e-02	-6.111469e-03
10            	4.855975e-01	2.508094e-01	2.347881e-01	1.583140e-02	2.030851e-01	-1.872537e-01	1.951694e-01	8.010661e-03	-7.973709e-03	-2.820193e-02	-2.207467e-02	-6.127255e-03
11            	4.650149e-01	2.426977e-01	2.223172e-01	1.952410e-02	1.946965e-01	-1.751724e-01	1.849344e-01	1.019027e-02	-9.916003e-03	-3.260343e-02	-2.621772e-02	-6.385713e-03
12            	4.512523e-01	2.362113e-01	2.150410e-01	2.498746e-02	1.911135e-01	-1.661261e-01	1.786198e-01	1.058517e-02	-1.031752e-02	-3.287549e-02	-2.675526e-02	-6.120221e-03
13            	4.427605e-01	2.311989e-01	2.115616e-01	3.130252e-02	1.909196e-01	-1.596170e-01	1.752683e-01	9.818645e-03	-1.015778e-02	-3.094014e-02	-2.562785e-02	-5.312294e-03
14            	4.386327e-01	2.280842e-01	2.105485e-01	3.762059e-02	1.934395e-01	-1.558189e-01	1.746292e-01	8.767835e-03	-9.909698e-03	-2.845841e-02	-2.413890e-02	-4.319505e-03
15            	4.357766e-01	2.259297e-01	2.098469e-01	4.367569e-02	1.967351e-01	-1.530595e-01	1.748973e-01	8.041390e-03	-9.687442e-03	-2.662800e-02	-2.300144e-02	-3.626558e-03
16            	4.330925e-01	2.240959e-01	2.089966e-01	4.878695e-02	1.997742e-01	-1.509872e-01	1.753807e-01	7.549668e-03	-9.939028e-03	-2.572633e-02	-2.280219e-02	-2.924138e-03
17            	4.304379e-01	2.223080e-01	2.081299e-01	5.272334e-02	2.018355e-01	-1.491122e-01	1.754739e-01	7.089024e-03	-1.056222e-02	-2.498865e-02	-2.305654e-02	-1.932106e-03
18            	4.292092e-01	2.208631e-01	2.083461e-01	5.464080e-02	2.033826e-01	-1.487418e-01	1.760622e-01	6.258494e-03	-1.075445e-02	-2.312826e-02	-2.231858e-02	-8.096836e-04
19            	4.288252e-01	2.195374e-01	2.092878e-01	5.492955e-02	2.044296e-01	-1.495001e-01	1.769649e-01	5.124807e-03	-1.000761e-02	-2.016079e-02	-2.008801e-02	-7.278547e-05
20            	4.287771e-01	2.183095e-01	2.104676e-01	5.415399e-02	2.049152e-01	-1.507613e-01	1.778383e-01	3.920974e-03	-8.271756e-03	-1.663500e-02	-1.658926e-02	-4.574337e-05
21            	4.283636e-01	2.171017e-01	2.112619e-01	5.296528e-02	2.046640e-01	-1.516987e-01	1.781814e-01	2.919889e-03	-5.661650e-03	-1.311318e-02	-1.221824e-02	-8.949397e-04
22            	4.277428e-01	2.160332e-01	2.117096e-01	5.226190e-02	2.038682e-01	-1.516063e-01	1.777372e-01	2.161759e-03	-2.735404e-03	-9.921599e-03	-7.696204e-03	-2.225396e-03
23            	4.265175e-01	2.146723e-01	2.118452e-01	5.247019e-02	2.025290e-01	-1.500588e-01	1.762939e-01	1.413542e-03	1.417968e-05	-6.898073e-03	-3.434857e-03	-3.463216e-03
24            	4.247693e-01	2.130401e-01	2.117292e-01	5.357733e-02	2.008393e-01	-1.472620e-01	1.740507e-01	6.554232e-04	2.066870e-03	-4.483845e-03	-1.750524e-04	-4.308793e-03
25            	4.226788e-01	2.114024e-01	2.112764e-01	5.519645e-02	1.990254e-01	-1.438289e-01	1.714272e-01	6.296198e-05	3.224099e-03	-2.979571e-03	1.734314e-03	-4.713885e-03
26            	4.209329e-01	2.101883e-01	2.107446e-01	5.698132e-02	1.974858e-01	-1.405045e-01	1.689951e-01	-2.781959e-04	3.575894e-03	-2.629053e-03	2.261368e-03	-4.890421e-03
27            	4.193351e-01	2.091952e-01	2.101399e-01	5.863154e-02	1.961937e-01	-1.375622e-01	1.668779e-01	-4.723138e-04	3.339237e-03	-3.175718e-03	1.751378e-03	-4.927095e-03
28            	4.181448e-01	2.082194e-01	2.099254e-01	5.999711e-02	1.952879e-01	-1.352908e-01	1.652894e-01	-8.530103e-04	2.792808e-03	-3.630493e-03	9.775617e-04	-4.608055e-03
29            	4.171800e-01	2.071859e-01	2.099941e-01	6.112338e-02	1.947752e-01	-1.336518e-01	1.642135e-01	-1.404073e-03	2.297370e-03	-3.663878e-03	4.654305e-04	-4.129309e-03
30            	4.165985e-01	2.061751e-01	2.104234e-01	6.199655e-02	1.945959e-01	-1.325994e-01	1.635976e-01	-2.124172e-03	2.160751e-03	-3.061678e-03	6.299116e-04	-3.691590e-03
31            	4.163133e-01	2.052232e-01	2.110901e-01	6.273620e-02	1.946401e-01	-1.319039e-01	1.632720e-01	-2.933432e-03	2.488934e-03	-1.756684e-03	1.610592e-03	-3.367276e-03
32            	4.160876e-01	2.043790e-01	2.117087e-01	6.352654e-02	1.947248e-01	-1.311983e-01	1.629616e-01	-3.664832e-03	2.999343e-03	-2.270729e-04	2.885807e-03	-3.112879e-03
33            	4.158555e-01	2.036429e-01	2.122126e-01	6.420612e-02	1.947958e-01	-1.305897e-01	1.626927e-01	-4.284840e-03	3.426664e-03	1.132324e-03	3.992825e-03	-2.860502e-03
34            	4.155454e-01	2.029351e-01	2.126103e-01	6.489174e-02	1.948064e-01	-1.299146e-01	1.623605e-01	-4.837612e-03	3.676246e-03	2.078510e-03	4.715501e-03	-2.636991e-03
35            	4.151317e-01	2.021743e-01	2.129575e-01	6.554792e-02	1.946963e-01	-1.291484e-01	1.619224e-01	-5.391603e-03	3.698427e-03	2.740409e-03	5.068632e-03	-2.328223e-03
36            	4.145620e-01	2.013294e-01	2.132326e-01	6.636697e-02	1.945259e-01	-1.281590e-01	1.613424e-01	-5.951618e-03	3.599583e-03	3.242736e-03	5.220950e-03	-1.978215e-03
37            	4.139061e-01	2.004361e-01	2.134700e-01	6.708900e-02	1.942444e-01	-1.271554e-01	1.606999e-01	-6.516918e-03	3.519818e-03	3.816810e-03	5.428223e-03	-1.611413e-03
38            	4.130655e-01	1.993752e-01	2.136903e-01	6.740037e-02	1.938156e-01	-1.264152e-01	1.601154e-01	-7.157544e-03	3.534140e-03	4.724965e-03	5.896622e-03	-1.171658e-03
39            	4.120955e-01	1.982278e-01	2.138677e-01	6.724603e-02	1.932464e-01	-1.260004e-01	1.596234e-01	-7.819923e-03	3.630915e-03	5.911687e-03	6.586759e-03	-6.750715e-04
40            	4.109912e-01	1.970948e-01	2.138964e-01	6.684243e-02	1.926556e-01	-1.258131e-01	1.592343e-01	-8.400804e-03	3.784665e-03	7.155679e-03	7.362504e-03	-2.068253e-04
41            	4.099714e-01	1.961809e-01	2.137904e-01	6.636069e-02	1.921476e-01	-1.257869e-01	1.589673e-01	-8.804760e-03	3.951883e-03	8.213878e-03	8.058822e-03	1.550557e-04
42            	4.092187e-01	1.955757e-01	2.136430e-01	6.597630e-02	1.919235e-01	-1.259472e-01	1.589353e-01	-9.033628e-03	4.217707e-03	8.997310e-03	8.716362e-03	2.809480e-04
43            	4.087536e-01	1.952489e-01	2.135046e-01	6.576849e-02	1.917659e-01	-1.259974e-01	1.588817e-01	-9.127848e-03	4.566360e-03	9.535370e-03	9.334045e-03	2.013253e-04
44            	4.085681e-01	1.951707e-01	2.133974e-01	6.585889e-02	1.916798e-01	-1.258209e-01	1.587504e-01	-9.113354e-03	5.011770e-03	9.823228e-03	9.923385e-03	-1.001564e-04
45            	4.085564e-01	1.952303e-01	2.133260e-01	6.635729e-02	1.916074e-01	-1.252501e-01	1.584288e-01	-9.047840e-03	5.505383e-03	9.899277e-03	1.045502e-02	-5.557445e-04
46            	4.085848e-01	1.953658e-01	2.132189e-01	6.708945e-02	1.914642e-01	-1.243747e-01	1.579195e-01	-8.926540e-03	6.005961e-03	9.714386e-03	1.086315e-02	-1.148768e-03
47            	4.085899e-01	1.954560e-01	2.131340e-01	6.803332e-02	1.912931e-01	-1.232598e-01	1.572765e-01	-8.838982e-03	6.402772e-03	9.417018e-03	1.111128e-02	-1.694263e-03
48            	4.086482e-01	1.955082e-01	2.131401e-01	6.894517e-02	1.911510e-01	-1.222058e-01	1.566784e-01	-8.815968e-03	6.689152e-03	9.134484e-03	1.125639e-02	-2.121910e-03
49            	4.087258e-01	1.954837e-01	2.132420e-01	6.973463e-02	1.909915e-01	-1.212569e-01	1.561242e-01	-8.879132e-03	6.798660e-03	9.038032e-03	1.131768e-02	-2.279644e-03
50            	4.088601e-01	1.954430e-01	2.134170e-01	7.020184e-02	1.908028e-01	-1.206009e-01	1.557019e-01	-8.987014e-03	6.776056e-03	9.075581e-03	1.131385e-02	-2.238265e-03
51            	4.089884e-01	1.953846e-01	2.136038e-01	7.057081e-02	1.906855e-01	-1.201147e-01	1.554001e-01	-9.109563e-03	6.638390e-03	9.238737e-03	1.125776e-02	-2.019021e-03
52            	4.090907e-01	1.953669e-01	2.137238e-01	7.067787e-02	1.905077e-01	-1.198299e-01	1.551688e-01	-9.178415e-03	6.476539e-03	9.343893e-03	1.114849e-02	-1.804592e-03
53            	4.090797e-01	1.953417e-01	2.137381e-01	7.077342e-02	1.903293e-01	-1.195559e-01	1.549426e-01	-9.198207e-03	6.335447e-03	9.426083e-03	1.104849e-02	-1.622406e-03
54            	4.089235e-01	1.953434e-01	2.135801e-01	7.091018e-02	1.901940e-01	-1.192838e-01	1.547389e-01	-9.118348e-03	6.285224e-03	9.332888e-03	1.095167e-02	-1.618780e-03
55            	4.088071e-01	1.954057e-01	2.134014e-01	7.103373e-02	1.901275e-01	-1.190937e-01	1.546106e-01	-8.997872e-03	6.326130e-03	9.134553e-03	1.089341e-02	-1.758853e-03
56            	4.088235e-01	1.955063e-01	2.133172e-01	7.101762e-02	1.900849e-01	-1.190673e-01	1.545761e-01	-8.905464e-03	6.458256e-03	8.925985e-03	1.092125e-02	-1.995264e-03
57            	4.089509e-01	1.955402e-01	2.134108e-01	7.081168e-02	1.899601e-01	-1.191484e-01	1.545542e-01	-8.935294e-03	6.637822e-03	8.884795e-03	1.108022e-02	-2.195424e-03
58            	4.092869e-01	1.955685e-01	2.137184e-01	7.045767e-02	1.898463e-01	-1.193887e-01	1.546175e-01	-9.074925e-03	6.850463e-03	8.953416e-03	1.132717e-02	-2.373755e-03
59            	4.097570e-01	1.955484e-01	2.142085e-01	7.006094e-02	1.897322e-01	-1.196713e-01	1.547017e-01	-9.330040e-03	7.087836e-03	9.201917e-03	1.168879e-02	-2.486877e-03
60            	4.103696e-01	1.955306e-01	2.148390e-01	6.964553e-02	1.896724e-01	-1.200269e-01	1.548496e-01	-9.654182e-03	7.350715e-03	9.536410e-03	1.211892e-02	-2.582510e-03
61            	4.110792e-01	1.955051e-01	2.155741e-01	6.933029e-02	1.897190e-01	-1.203887e-01	1.550538e-01	-1.003447e-02	7.619610e-03	9.993326e-03	1.261627e-02	-2.622947e-03
62            	4.119093e-01	1.955143e-01	2.163951e-01	6.907652e-02	1.898873e-01	-1.208108e-01	1.553491e-01	-1.044042e-02	7.863267e-03	1.049888e-02	1.311271e-02	-2.613827e-03
63            	4.126678e-01	1.954942e-01	2.171736e-01	6.889182e-02	1.900619e-01	-1.211701e-01	1.556160e-01	-1.083973e-02	8.064441e-03	1.103048e-02	1.357968e-02	-2.549202e-03
64            	4.133531e-01	1.955004e-01	2.178526e-01	6.872194e-02	1.902483e-01	-1.215263e-01	1.558873e-01	-1.117611e-02	8.216603e-03	1.144997e-02	1.394159e-02	-2.491619e-03
65            	4.138613e-01	1.954324e-01	2.184289e-01	6.851352e-02	1.903547e-01	-1.218412e-01	1.560979e-01	-1.149827e-02	8.335595e-03	1.190151e-02	1.428635e-02	-2.384840e-03
66            	4.142947e-01	1.953666e-01	2.189282e-01	6.828541e-02	1.904451e-01	-1.221597e-01	1.563024e-01	-1.178080e-02	8.483128e-03	1.229926e-02	1.463276e-02	-2.333497e-03
67            	4.146202e-01	1.952075e-01	2.194127e-01	6.797208e-02	1.904194e-01	-1.224473e-01	1.564334e-01	-1.210259e-02	8.674538e-03	1.287139e-02	1.511023e-02	-2.238844e-03
68            	4.149507e-01	1.949999e-01	2.199508e-01	6.769149e-02	1.904014e-01	-1.227099e-01	1.565556e-01	-1.247546e-02	8.932405e-03	1.359094e-02	1.572787e-02	-2.136937e-03
69            	4.151378e-01	1.946755e-01	2.204623e-01	6.745467e-02	1.903050e-01	-1.228503e-01	1.565776e-01	-1.289338e-02	9.246191e-03	1.446859e-02	1.648048e-02	-2.011896e-03
70            	4.153548e-01	1.943440e-01	2.210109e-01	6.727998e-02	1.902488e-01	-1.229688e-01	1.566088e-01	-1.333344e-02	9.589227e-03	1.536698e-02	1.727272e-02	-1.905738e-03
71            	4.154483e-01	1.939561e-01	2.214922e-01	6.714257e-02	1.901130e-01	-1.229704e-01	1.565417e-01	-1.376802e-02	9.905379e-03	1.625133e-02	1.803104e-02	-1.779714e-03
72            	4.156233e-01	1.936715e-01	2.219518e-01	6.707526e-02	1.900726e-01	-1.229973e-01	1.565349e-01	-1.414017e-02	1.016959e-02	1.692982e-02	1.863450e-02	-1.704682e-03
73            	4.157418e-01	1.934342e-01	2.223076e-01	6.704055e-02	1.899993e-01	-1.229587e-01	1.564790e-01	-1.443665e-02	1.032222e-02	1.743311e-02	1.903877e-02	-1.605659e-03
74            	4.158918e-01	1.933236e-01	2.225682e-01	6.706318e-02	1.900120e-01	-1.229488e-01	1.564804e-01	-1.462227e-02	1.036726e-02	1.765214e-02	1.919333e-02	-1.541190e-03
75            	4.159740e-01	1.932537e-01	2.227203e-01	6.706569e-02	1.899830e-01	-1.229173e-01	1.564501e-01	-1.473333e-02	1.032590e-02	1.774763e-02	1.919972e-02	-1.452086e-03
76            	4.161573e-01	1.933629e-01	2.227943e-01	6.707459e-02	1.900476e-01	-1.229730e-01	1.565103e-01	-1.471571e-02	1.017024e-02	1.756010e-02	1.895029e-02	-1.390193e-03
77            	4.163227e-01	1.934658e-01	2.228569e-01	6.701827e-02	1.900690e-01	-1.230507e-01	1.565599e-01	-1.469557e-02	1.004162e-02	1.743584e-02	1.875954e-02	-1.323702e-03
78            	4.164931e-01	1.936321e-01	2.228610e-01	6.695133e-02	1.901285e-01	-1.231772e-01	1.566528e-01	-1.461447e-02	9.879438e-03	1.721463e-02	1.848675e-02	-1.272122e-03
79            	4.166190e-01	1.937494e-01	2.228696e-01	6.683370e-02	1.901483e-01	-1.233146e-01	1.567314e-01	-1.456006e-02	9.804291e-03	1.709034e-02	1.834946e-02	-1.259122e-03
80            	4.168053e-01	1.938763e-01	2.229290e-01	6.671644e-02	1.902301e-01	-1.235137e-01	1.568719e-01	-1.452638e-02	9.805666e-03	1.701388e-02	1.831260e-02	-1.298729e-03
81            	4.168310e-01	1.938171e-01	2.230139e-01	6.656335e-02	1.901967e-01	-1.236333e-01	1.569150e-01	-1.459839e-02	9.898385e-03	1.718947e-02	1.849312e-02	-1.303648e-03
82            	4.169753e-01	1.938611e-01	2.231142e-01	6.639314e-02	1.902368e-01	-1.238436e-01	1.570402e-01	-1.462650e-02	1.001356e-02	1.724458e-02	1.863585e-02	-1.391276e-03
83            	4.169794e-01	1.937537e-01	2.232257e-01	6.630420e-02	1.902109e-01	-1.239067e-01	1.570588e-01	-1.473599e-02	1.017253e-02	1.748803e-02	1.891655e-02	-1.428516e-03
84            	4.170990e-01	1.938017e-01	2.232973e-01	6.622444e-02	1.902404e-01	-1.240160e-01	1.571282e-01	-1.474780e-02	1.029034e-02	1.747558e-02	1.902813e-02	-1.552544e-03
85            	4.172275e-01	1.939146e-01	2.233129e-01	6.621125e-02	1.902497e-01	-1.240384e-01	1.571440e-01	-1.469913e-02	1.030458e-02	1.734005e-02	1.897461e-02	-1.634558e-03
86            	4.174318e-01	1.941387e-01	2.232930e-01	6.634254e-02	1.903510e-01	-1.240084e-01	1.571797e-01	-1.457716e-02	1.022943e-02	1.701891e-02	1.873888e-02	-1.719971e-03
87            	4.176281e-01	1.943924e-01	2.232358e-01	6.649517e-02	1.904395e-01	-1.239443e-01	1.571919e-01	-1.442169e-02	1.006728e-02	1.663842e-02	1.838649e-02	-1.748073e-03
88            	4.179322e-01	1.947691e-01	2.231631e-01	6.679734e-02	1.906208e-01	-1.238235e-01	1.572222e-01	-1.419700e-02	9.771717e-03	1.608083e-02	1.781213e-02	-1.731302e-03
89            	4.181570e-01	1.950952e-01	2.230618e-01	6.703272e-02	1.907425e-01	-1.237098e-01	1.572261e-01	-1.398328e-02	9.461333e-03	1.558192e-02	1.725229e-02	-1.670373e-03
90            	4.183975e-01	1.953982e-01	2.229993e-01	6.723083e-02	1.909194e-01	-1.236885e-01	1.573040e-01	-1.380054e-02	9.149680e-03	1.517014e-02	1.673475e-02	-1.564611e-03
91            	4.185706e-01	1.956122e-01	2.229583e-01	6.731434e-02	1.910251e-01	-1.237107e-01	1.573679e-01	-1.367305e-02	8.888049e-03	1.492182e-02	1.634896e-02	-1.427141e-03
92            	4.187345e-01	1.957420e-01	2.229925e-01	6.732242e-02	1.911282e-01	-1.238058e-01	1.574670e-01	-1.362526e-02	8.681461e-03	1.488547e-02	1.612419e-02	-1.238728e-03
93            	4.188305e-01	1.957798e-01	2.230508e-01	6.727383e-02	1.911949e-01	-1.239210e-01	1.575579e-01	-1.363550e-02	8.563243e-03	1.501136e-02	1.606892e-02	-1.057562e-03
94            	4.189189e-01	1.957608e-01	2.231580e-01	6.718188e-02	1.912910e-01	-1.241091e-01	1.577000e-01	-1.369860e-02	8.510270e-03	1.524212e-02	1.613133e-02	-8.892108e-04
95            	4.189207e-01	1.956532e-01	2.232674e-01	6.706312e-02	1.913273e-01	-1.242642e-01	1.577957e-01	-1.380709e-02	8.497306e-03	1.557124e-02	1.628293e-02	-7.116836e-04
96            	4.189236e-01	1.955441e-01	2.233795e-01	6.689948e-02	1.913523e-01	-1.244528e-01	1.579026e-01	-1.391770e-02	8.513763e-03	1.586688e-02	1.644720e-02	-5.803242e-04
97            	4.189304e-01	1.954307e-01	2.234997e-01	6.680578e-02	1.914066e-01	-1.246008e-01	1.580037e-01	-1.403448e-02	8.516704e-03	1.616407e-02	1.659874e-02	-4.346699e-04
98            	4.189784e-01	1.953668e-01	2.236116e-01	6.675855e-02	1.915049e-01	-1.247464e-01	1.581256e-01	-1.412239e-02	8.509205e-03	1.635871e-02	1.668856e-02	-3.298497e-04
99            	4.190371e-01	1.953576e-01	2.236794e-01	6.677559e-02	1.916055e-01	-1.248299e-01	1.582177e-01	-1.416090e-02	8.463098e-03	1.642915e-02	1.667767e-02	-2.485228e-04
100           	4.191345e-01	1.954167e-01	2.237178e-01	6.683190e-02	1.917332e-01	-1.249013e-01	1.583172e-01	-1.415056e-02	8.391038e-03	1.637242e-02	1.657725e-02	-2.048275e-04
101           	4.192216e-01	1.955146e-01	2.237069e-01	6.695476e-02	1.918759e-01	-1.249212e-01	1.583985e-01	-1.409615e-02	8.299392e-03	1.622383e-02	1.641131e-02	-1.874777e-04
102           	4.193292e-01	1.956362e-01	2.236931e-01	6.700027e-02	1.919880e-01	-1.249878e-01	1.584879e-01	-1.402847e-02	8.228067e-03	1.604426e-02	1.625020e-02	-2.059379e-04
103           	4.194299e-01	1.957340e-01	2.236959e-01	6.705050e-02	1.920834e-01	-1.250329e-01	1.585581e-01	-1.398098e-02	8.185610e-03	1.592106e-02	1.614614e-02	-2.250785e-04
104           	4.194930e-01	1.957911e-01	2.237020e-01	6.700331e-02	1.921126e-01	-1.251093e-01	1.586109e-01	-1.395547e-02	8.186030e-03	1.586123e-02	1.611665e-02	-2.554134e-04
105           	4.195541e-01	1.958118e-01	2.237423e-01	6.696861e-02	1.921451e-01	-1.251764e-01	1.586608e-01	-1.396526e-02	8.210834e-03	1.589908e-02	1.616037e-02	-2.612942e-04
106           	4.195817e-01	1.957873e-01	2.237944e-01	6.685134e-02	1.921150e-01	-1.252637e-01	1.586894e-01	-1.400353e-02	8.283609e-03	1.599431e-02	1.628076e-02	-2.864560e-04
107           	4.195699e-01	1.957278e-01	2.238421e-01	6.676743e-02	1.920561e-01	-1.252887e-01	1.586724e-01	-1.405713e-02	8.337145e-03	1.612803e-02	1.640116e-02	-2.731299e-04
108           	4.195331e-01	1.956840e-01	2.238491e-01	6.668794e-02	1.919996e-01	-1.253117e-01	1.586556e-01	-1.408255e-02	8.379003e-03	1.620465e-02	1.648133e-02	-2.766782e-04
109           	4.195034e-01	1.956832e-01	2.238202e-01	6.669998e-02	1.919697e-01	-1.252697e-01	1.586197e-01	-1.406850e-02	8.372621e-03	1.618936e-02	1.646730e-02	-2.779414e-04
110           	4.194818e-01	1.957495e-01	2.237323e-01	6.674307e-02	1.919546e-01	-1.252115e-01	1.585830e-01	-1.399144e-02	8.322463e-03	1.603595e-02	1.634044e-02	-3.044858e-04
111           	4.194721e-01	1.958291e-01	2.236430e-01	6.683748e-02	1.919583e-01	-1.251209e-01	1.585396e-01	-1.390697e-02	8.236365e-03	1.584981e-02	1.616127e-02	-3.114607e-04
112           	4.194949e-01	1.960257e-01	2.234692e-01	6.697131e-02	1.920135e-01	-1.250421e-01	1.585278e-01	-1.372173e-02	8.107486e-03	1.546670e-02	1.584084e-02	-3.741343e-04
113           	4.195363e-01	1.961578e-01	2.233784e-01	6.710540e-02	1.920847e-01	-1.249793e-01	1.585320e-01	-1.361031e-02	8.002532e-03	1.521095e-02	1.560801e-02	-3.970549e-04
114           	4.196291e-01	1.963807e-01	2.232485e-01	6.719363e-02	1.921825e-01	-1.249889e-01	1.585857e-01	-1.343390e-02	7.898078e-03	1.484270e-02	1.531943e-02	-4.767276e-04
115           	4.196418e-01	1.964652e-01	2.231766e-01	6.720997e-02	1.922046e-01	-1.249947e-01	1.585996e-01	-1.335567e-02	7.843026e-03	1.466793e-02	1.517699e-02	-5.090624e-04
116           	4.196987e-01	1.966027e-01	2.230960e-01	6.718652e-02	1.922669e-01	-1.250804e-01	1.586736e-01	-1.324662e-02	7.832751e-03	1.445650e-02	1.506100e-02	-6.045023e-04
117           	4.196825e-01	1.966204e-01	2.230621e-01	6.713373e-02	1.922725e-01	-1.251388e-01	1.587056e-01	-1.322088e-02	7.864889e-03	1.441628e-02	1.507303e-02	-6.567466e-04
118           	4.197281e-01	1.966865e-01	2.230416e-01	6.703958e-02	1.923131e-01	-1.252735e-01	1.587933e-01	-1.317752e-02	7.955754e-03	1.435600e-02	1.513375e-02	-7.777561e-04
119           	4.196751e-01	1.966803e-01	2.229948e-01	6.691822e-02	1.922622e-01	-1.253440e-01	1.588031e-01	-1.315727e-02	8.046839e-03	1.435080e-02	1.522224e-02	-8.714399e-04
120           	4.196813e-01	1.967206e-01	2.229607e-01	6.684094e-02	1.922857e-01	-1.254448e-01	1.588652e-01	-1.312003e-02	8.138620e-03	1.428935e-02	1.528330e-02	-9.939440e-04
121           	4.196268e-01	1.967647e-01	2.228621e-01	6.676450e-02	1.922616e-01	-1.254971e-01	1.588793e-01	-1.304871e-02	8.193155e-03	1.418763e-02	1.528697e-02	-1.099338e-03
122           	4.196204e-01	1.968927e-01	2.227278e-01	6.674010e-02	1.922980e-01	-1.255579e-01	1.589280e-01	-1.291756e-02	8.235263e-03	1.393214e-02	1.520133e-02	-1.269193e-03
123           	4.195789e-01	1.970250e-01	2.225538e-01	6.669271e-02	1.922783e-01	-1.255856e-01	1.589320e-01	-1.276438e-02	8.228410e-03	1.365602e-02	1.505642e-02	-1.400403e-03
124           	4.196001e-01	1.972368e-01	2.223632e-01	6.672532e-02	1.923589e-01	-1.256336e-01	1.589963e-01	-1.256321e-02	8.225024e-03	1.325627e-02	1.485316e-02	-1.596889e-03
125           	4.196038e-01	1.974114e-01	2.221924e-01	6.670924e-02	1.923957e-01	-1.256864e-01	1.590410e-01	-1.239054e-02	8.190912e-03	1.295923e-02	1.467053e-02	-1.711298e-03
126           	4.196332e-01	1.976086e-01	2.220246e-01	6.669535e-02	1.924662e-01	-1.257708e-01	1.591185e-01	-1.220798e-02	8.194893e-03	1.261471e-02	1.450225e-02	-1.887536e-03
127           	4.196005e-01	1.977413e-01	2.218592e-01	6.663797e-02	1.924764e-01	-1.258385e-01	1.591574e-01	-1.205895e-02	8.200178e-03	1.237312e-02	1.438674e-02	-2.013616e-03
128           	4.196402e-01	1.978878e-01	2.217524e-01	6.661246e-02	1.925733e-01	-1.259609e-01	1.592671e-01	-1.193226e-02	8.239987e-03	1.215414e-02	1.431706e-02	-2.162917e-03
129           	4.196287e-01	1.979559e-01	2.216728e-01	6.650910e-02	1.925685e-01	-1.260594e-01	1.593139e-01	-1.185846e-02	8.281103e-03	1.206632e-02	1.431426e-02	-2.247942e-03
130           	4.196807e-01	1.980655e-01	2.216152e-01	6.642193e-02	1.926212e-01	-1.261993e-01	1.594102e-01	-1.177481e-02	8.356813e-03	1.193878e-02	1.432620e-02	-2.387425e-03
131           	4.196882e-01	1.981189e-01	2.215693e-01	6.632657e-02	1.926129e-01	-1.262863e-01	1.594496e-01	-1.172524e-02	8.410751e-03	1.190266e-02	1.436208e-02	-2.459419e-03
132           	4.197511e-01	1.982073e-01	2.215438e-01	6.627488e-02	1.926585e-01	-1.263836e-01	1.595210e-01	-1.166828e-02	8.455339e-03	1.181596e-02	1.436332e-02	-2.547359e-03
133           	4.197752e-01	1.982774e-01	2.214978e-01	6.619532e-02	1.926303e-01	-1.264349e-01	1.595326e-01	-1.161020e-02	8.457778e-03	1.174792e-02	1.433174e-02	-2.583816e-03
134           	4.198717e-01	1.984551e-01	2.214166e-01	6.617807e-02	1.926739e-01	-1.264959e-01	1.595849e-01	-1.148077e-02	8.424565e-03	1.153335e-02	1.419124e-02	-2.657890e-03
135           	4.199249e-01	1.985814e-01	2.213435e-01	6.617552e-02	1.926880e-01	-1.265125e-01	1.596002e-01	-1.138102e-02	8.365413e-03	1.139412e-02	1.406247e-02	-2.668353e-03
136           	4.200171e-01	1.987658e-01	2.212513e-01	6.619414e-02	1.927388e-01	-1.265447e-01	1.596417e-01	-1.124273e-02	8.272773e-03	1.118512e-02	1.386533e-02	-2.680214e-03
137           	4.200811e-01	1.989220e-01	2.211591e-01	6.619778e-02	1.927509e-01	-1.265532e-01	1.596520e-01	-1.111858e-02	8.158843e-03	1.102092e-02	1.366930e-02	-2.648381e-03
138           	4.201395e-01	1.990726e-01	2.210669e-01	6.621714e-02	1.927976e-01	-1.265804e-01	1.596890e-01	-1.099713e-02	8.061996e-03	1.085321e-02	1.348860e-02	-2.635390e-03
139           	4.201578e-01	1.991490e-01	2.210088e-01	6.618745e-02	1.927898e-01	-1.266024e-01	1.596961e-01	-1.092990e-02	7.975951e-03	1.081929e-02	1.338560e-02	-2.566306e-03
140           	4.201539e-01	1.991813e-01	2.209726e-01	6.612746e-02	1.927707e-01	-1.266433e-01	1.597070e-01	-1.089563e-02	7.919165e-03	1.086391e-02	1.335112e-02	-2.487210e-03
141           	4.201071e-01	1.991520e-01	2.209551e-01	6.603738e-02	1.927009e-01	-1.266635e-01	1.596822e-01	-1.090158e-02	7.906157e-03	1.099085e-02	1.340158e-02	-2.410733e-03
142           	4.200254e-01	1.990764e-01	2.209490e-01	6.591621e-02	1.926177e-01	-1.267015e-01	1.596596e-01	-1.093630e-02	7.913647e-03	1.118211e-02	1.350470e-02	-2.322595e-03
143           	4.199308e-01	1.989590e-01	2.209719e-01	6.580012e-02	1.925189e-01	-1.267188e-01	1.596189e-01	-1.100645e-02	7.960480e-03	1.144691e-02	1.368394e-02	-2.237024e-03
144           	4.198070e-01	1.988516e-01	2.209554e-01	6.568935e-02	1.924040e-01	-1.267147e-01	1.595593e-01	-1.105193e-02	7.994900e-03	1.163745e-02	1.381362e-02	-2.176176e-03
145           	4.196589e-01	1.987222e-01	2.209367e-01	6.559060e-02	1.922681e-01	-1.266775e-01	1.594728e-01	-1.110728e-02	8.045859e-03	1.186331e-02	1.397751e-02	-2.114204e-03
146           	4.195128e-01	1.986355e-01	2.208773e-01	6.549691e-02	1.921435e-01	-1.266466e-01	1.593950e-01	-1.112091e-02	8.082312e-03	1.197090e-02	1.406776e-02	-2.096863e-03
147           	4.194000e-01	1.985850e-01	2.208150e-01	6.546515e-02	1.920610e-01	-1.265958e-01	1.593284e-01	-1.111496e-02	8.101456e-03	1.202428e-02	1.411359e-02	-2.089317e-03
148           	4.192666e-01	1.985683e-01	2.206983e-01	6.541764e-02	1.919612e-01	-1.265436e-01	1.592524e-01	-1.106497e-02	8.111656e-03	1.197243e-02	1.409787e-02	-2.125439e-03
149           	4.191472e-01	1.985651e-01	2.205821e-01	6.542955e-02	1.919035e-01	-1.264739e-01	1.591887e-01	-1.100852e-02	8.112833e-03	1.190648e-02	1.406607e-02	-2.159594e-03
150           	4.190566e-01	1.985839e-01	2.204727e-01	6.543189e-02	1.918760e-01	-1.264441e-01	1.591600e-01	-1.094440e-02	8.129887e-03	1.180330e-02	1.403154e-02	-2.228238e-03
151           	4.189638e-01	1.985735e-01	2.203903e-01	6.542774e-02	1.918377e-01	-1.264100e-01	1.591238e-01	-1.090839e-02	8.150565e-03	1.176204e-02	1.403159e-02	-2.269543e-03
152           	4.188617e-01	1.985377e-01	2.203240e-01	6.537332e-02	1.917820e-01	-1.264087e-01	1.590953e-01	-1.089316e-02	8.190630e-03	1.176184e-02	1.407155e-02	-2.309712e-03
153           	4.187346e-01	1.984597e-01	2.202748e-01	6.532352e-02	1.917198e-01	-1.263962e-01	1.590580e-01	-1.090755e-02	8.258644e-03	1.182458e-02	1.417093e-02	-2.346355e-03
154           	4.186307e-01	1.983649e-01	2.202658e-01	6.523121e-02	1.916533e-01	-1.264221e-01	1.590377e-01	-1.095044e-02	8.342924e-03	1.195033e-02	1.431809e-02	-2.367759e-03
155           	4.184974e-01	1.982159e-01	2.202814e-01	6.507870e-02	1.915229e-01	-1.264442e-01	1.589835e-01	-1.103276e-02	8.441890e-03	1.216315e-02	1.452347e-02	-2.360312e-03
156           	4.184009e-01	1.980747e-01	2.203261e-01	6.493961e-02	1.914380e-01	-1.264984e-01	1.589682e-01	-1.112571e-02	8.552401e-03	1.238124e-02	1.474302e-02	-2.361779e-03
157           	4.182790e-01	1.979016e-01	2.203774e-01	6.475894e-02	1.912993e-01	-1.265403e-01	1.589198e-01	-1.123791e-02	8.645202e-03	1.263489e-02	1.496265e-02	-2.327759e-03
158           	4.182043e-01	1.977608e-01	2.204434e-01	6.459908e-02	1.911979e-01	-1.265988e-01	1.588983e-01	-1.134129e-02	8.705245e-03	1.286473e-02	1.513761e-02	-2.272879e-03
159           	4.180868e-01	1.976210e-01	2.204657e-01	6.441907e-02	1.910536e-01	-1.266345e-01	1.588441e-01	-1.142235e-02	8.735052e-03	1.305174e-02	1.526092e-02	-2.209182e-03
160           	4.180356e-01	1.975224e-01	2.205131e-01	6.436155e-02	1.910149e-01	-1.266534e-01	1.588342e-01	-1.149536e-02	8.737643e-03	1.321091e-02	1.534310e-02	-2.132187e-03
161           	4.179885e-01	1.974260e-01	2.205625e-01	6.422201e-02	1.909312e-01	-1.267092e-01	1.588202e-01	-1.156828e-02	8.697017e-03	1.338972e-02	1.539188e-02	-2.002158e-03
162           	4.179720e-01	1.973668e-01	2.206052e-01	6.413428e-02	1.909112e-01	-1.267769e-01	1.588440e-01	-1.161922e-02	8.654619e-03	1.350180e-02	1.540552e-02	-1.903716e-03
163           	4.179297e-01	1.972845e-01	2.206451e-01	6.401364e-02	1.908430e-01	-1.268294e-01	1.588362e-01	-1.168030e-02	8.578008e-03	1.366156e-02	1.540879e-02	-1.747230e-03
164           	4.179274e-01	1.972219e-01	2.207055e-01	6.397359e-02	1.908604e-01	-1.268868e-01	1.588736e-01	-1.174179e-02	8.529861e-03	1.380422e-02	1.543197e-02	-1.627749e-03
165           	4.178899e-01	1.971215e-01	2.207685e-01	6.386570e-02	1.908117e-01	-1.269460e-01	1.588789e-01	-1.182348e-02	8.481267e-03	1.400657e-02	1.548455e-02	-1.477984e-03
166           	4.178624e-01	1.970107e-01	2.208517e-01	6.383347e-02	1.908212e-01	-1.269878e-01	1.589045e-01	-1.192050e-02	8.467740e-03	1.422757e-02	1.558153e-02	-1.353955e-03
167           	4.177864e-01	1.968511e-01	2.209353e-01	6.373687e-02	1.907592e-01	-1.270223e-01	1.588908e-01	-1.204210e-02	8.446300e-03	1.452726e-02	1.570993e-02	-1.182668e-03
168           	4.177464e-01	1.967221e-01	2.210243e-01	6.370502e-02	1.907636e-01	-1.270586e-01	1.589111e-01	-1.215106e-02	8.461189e-03	1.477267e-02	1.584753e-02	-1.074852e-03
169           	4.176686e-01	1.965551e-01	2.211135e-01	6.362264e-02	1.906963e-01	-1.270736e-01	1.588849e-01	-1.227923e-02	8.460815e-03	1.507979e-02	1.600071e-02	-9.209182e-04
170           	4.175971e-01	1.963996e-01	2.211975e-01	6.358437e-02	1.906652e-01	-1.270809e-01	1.588731e-01	-1.239897e-02	8.482037e-03	1.534732e-02	1.615570e-02	-8.083766e-04
171           	4.174976e-01	1.962547e-01	2.212429e-01	6.356821e-02	1.906096e-01	-1.270414e-01	1.588255e-01	-1.249407e-02	8.485120e-03	1.557069e-02	1.627046e-02	-6.997761e-04
172           	4.174823e-01	1.961691e-01	2.213132e-01	6.359917e-02	1.906263e-01	-1.270271e-01	1.588267e-01	-1.257206e-02	8.481536e-03	1.573481e-02	1.634894e-02	-6.141303e-04
173           	4.174040e-01	1.960701e-01	2.213339e-01	6.362027e-02	1.905860e-01	-1.269657e-01	1.587759e-01	-1.263192e-02	8.462243e-03	1.586978e-02	1.639713e-02	-5.273533e-04
174           	4.174167e-01	1.960330e-01	2.213837e-01	6.370470e-02	1.906391e-01	-1.269344e-01	1.587868e-01	-1.267532e-02	8.443030e-03	1.594693e-02	1.641650e-02	-4.695636e-04
175           	4.174015e-01	1.960004e-01	2.214010e-01	6.379207e-02	1.906719e-01	-1.268798e-01	1.587758e-01	-1.270030e-02	8.422410e-03	1.600588e-02	1.642535e-02	-4.194685e-04
176           	4.174478e-01	1.960012e-01	2.214466e-01	6.388003e-02	1.907397e-01	-1.268597e-01	1.587997e-01	-1.272271e-02	8.418244e-03	1.605226e-02	1.644437e-02	-3.921167e-04
177           	4.174227e-01	1.959617e-01	2.214610e-01	6.395244e-02	1.907538e-01	-1.268013e-01	1.587776e-01	-1.274963e-02	8.427459e-03	1.612258e-02	1.648875e-02	-3.661666e-04
178           	4.174599e-01	1.959346e-01	2.215253e-01	6.405748e-02	1.908362e-01	-1.267788e-01	1.588075e-01	-1.279537e-02	8.460549e-03	1.621801e-02	1.656956e-02	-3.515420e-04
179           	4.174454e-01	1.958696e-01	2.215758e-01	6.409834e-02	1.908484e-01	-1.267501e-01	1.587992e-01	-1.285312e-02	8.499223e-03	1.635296e-02	1.667570e-02	-3.227423e-04
180           	4.174448e-01	1.957794e-01	2.216654e-01	6.415641e-02	1.908733e-01	-1.267169e-01	1.587951e-01	-1.294296e-02	8.575418e-03	1.654414e-02	1.684749e-02	-3.033460e-04
181           	4.173660e-01	1.956628e-01	2.217032e-01	6.416714e-02	1.908174e-01	-1.266503e-01	1.587338e-01	-1.302018e-02	8.637547e-03	1.672025e-02	1.699767e-02	-2.774197e-04
182           	4.173162e-01	1.955466e-01	2.217696e-01	6.425396e-02	1.908293e-01	-1.265753e-01	1.587023e-01	-1.311149e-02	8.709840e-03	1.691689e-02	1.716829e-02	-2.513925e-04
183           	4.172357e-01	1.954242e-01	2.218116e-01	6.427937e-02	1.907750e-01	-1.264956e-01	1.586353e-01	-1.319369e-02	8.763861e-03	1.709801e-02	1.731287e-02	-2.148543e-04
184           	4.171819e-01	1.953295e-01	2.218524e-01	6.431546e-02	1.907410e-01	-1.264255e-01	1.585832e-01	-1.326143e-02	8.806288e-03	1.723491e-02	1.742374e-02	-1.888309e-04
185           	4.171168e-01	1.952296e-01	2.218872e-01	6.433327e-02	1.906758e-01	-1.263425e-01	1.585092e-01	-1.332880e-02	8.813654e-03	1.738727e-02	1.750729e-02	-1.200193e-04
186           	4.170716e-01	1.951764e-01	2.218952e-01	6.439332e-02	1.906595e-01	-1.262662e-01	1.584628e-01	-1.335943e-02	8.824762e-03	1.745153e-02	1.755053e-02	-9.899941e-05
187           	4.170130e-01	1.951030e-01	2.219101e-01	6.442437e-02	1.906106e-01	-1.261862e-01	1.583984e-01	-1.340353e-02	8.787548e-03	1.756392e-02	1.756951e-02	-5.589507e-06
188           	4.169966e-01	1.950709e-01	2.219257e-01	6.445526e-02	1.906005e-01	-1.261452e-01	1.583728e-01	-1.342738e-02	8.765196e-03	1.762585e-02	1.757812e-02	4.772928e-05
189           	4.169431e-01	1.950043e-01	2.219387e-01	6.447168e-02	1.905661e-01	-1.260944e-01	1.583303e-01	-1.346722e-02	8.706789e-03	1.775464e-02	1.758411e-02	1.705336e-04
190           	4.169305e-01	1.949589e-01	2.219716e-01	6.445543e-02	1.905433e-01	-1.260879e-01	1.583156e-01	-1.350636e-02	8.672090e-03	1.788562e-02	1.761490e-02	2.707213e-04
191           	4.168693e-01	1.948391e-01	2.220302e-01	6.443755e-02	1.905027e-01	-1.260651e-01	1.582839e-01	-1.359555e-02	8.613832e-03	1.815010e-02	1.768888e-02	4.612202e-04
192           	4.168250e-01	1.947375e-01	2.220875e-01	6.438960e-02	1.904600e-01	-1.260704e-01	1.582652e-01	-1.367501e-02	8.568948e-03	1.838916e-02	1.776353e-02	6.256326e-04
193           	4.167524e-01	1.945908e-01	2.221616e-01	6.434544e-02	1.904102e-01	-1.260648e-01	1.582375e-01	-1.378542e-02	8.509863e-03	1.871018e-02	1.786495e-02	8.452287e-04
194           	4.166800e-01	1.944589e-01	2.222211e-01	6.424403e-02	1.903259e-01	-1.260819e-01	1.582039e-01	-1.388112e-02	8.453522e-03	1.900616e-02	1.795660e-02	1.049556e-03
195           	4.165464e-01	1.942730e-01	2.222734e-01	6.418839e-02	1.902322e-01	-1.260439e-01	1.581381e-01	-1.400024e-02	8.394470e-03	1.934675e-02	1.806785e-02	1.278906e-03
196           	4.164486e-01	1.941483e-01	2.223003e-01	6.413285e-02	1.901671e-01	-1.260343e-01	1.581007e-01	-1.407601e-02	8.329510e-03	1.958692e-02	1.812297e-02	1.463949e-03
197           	4.163639e-01	1.940200e-01	2.223439e-01	6.411143e-02	1.901324e-01	-1.260210e-01	1.580767e-01	-1.416192e-02	8.254829e-03	1.982676e-02	1.816821e-02	1.658551e-03
198           	4.162887e-01	1.939418e-01	2.223469e-01	6.407785e-02	1.900954e-01	-1.260176e-01	1.580565e-01	-1.420258e-02	8.186599e-03	1.996605e-02	1.816962e-02	1.796426e-03
199           	4.161891e-01	1.938559e-01	2.223332e-01	6.410210e-02	1.900681e-01	-1.259660e-01	1.580171e-01	-1.423867e-02	8.106209e-03	2.008194e-02	1.814718e-02	1.934760e-03
200           	4.161049e-01	1.937935e-01	2.223115e-01	6.412960e-02	1.900771e-01	-1.259475e-01	1.580123e-01	-1.425899e-02	8.033749e-03	2.015727e-02	1.811239e-02	2.044888e-03
201           	4.160124e-01	1.937244e-01	2.222880e-01	6.421591e-02	1.901038e-01	-1.258879e-01	1.579959e-01	-1.428177e-02	7.978094e-03	2.023235e-02	1.809427e-02	2.138080e-03
202           	4.159764e-01	1.936832e-01	2.222932e-01	6.424371e-02	1.901447e-01	-1.259009e-01	1.580228e-01	-1.430497e-02	7.942110e-03	2.029473e-02	1.808947e-02	2.205253e-03
203           	4.158768e-01	1.936074e-01	2.222695e-01	6.425942e-02	1.901310e-01	-1.258715e-01	1.580012e-01	-1.433106e-02	7.911332e-03	2.035832e-02	1.809049e-02	2.267828e-03
204           	4.158027e-01	1.935467e-01	2.222559e-01	6.432446e-02	1.901741e-01	-1.258497e-01	1.580119e-01	-1.435461e-02	7.926556e-03	2.039345e-02	1.812328e-02	2.270169e-03
205           	4.157018e-01	1.934613e-01	2.222405e-01	6.434294e-02	1.901575e-01	-1.258146e-01	1.579860e-01	-1.438965e-02	7.940794e-03	2.045310e-02	1.816735e-02	2.285757e-03
206           	4.156430e-01	1.933991e-01	2.222439e-01	6.439922e-02	1.901909e-01	-1.257917e-01	1.579913e-01	-1.442238e-02	7.988569e-03	2.048442e-02	1.823078e-02	2.253641e-03
207           	4.155081e-01	1.933109e-01	2.221973e-01	6.437362e-02	1.901022e-01	-1.257286e-01	1.579154e-01	-1.444321e-02	8.042042e-03	2.048381e-02	1.828395e-02	2.199866e-03
208           	4.154362e-01	1.932775e-01	2.221588e-01	6.443406e-02	1.901025e-01	-1.256685e-01	1.578855e-01	-1.444064e-02	8.091001e-03	2.041816e-02	1.830008e-02	2.118078e-03
209           	4.153285e-01	1.932489e-01	2.220796e-01	6.447266e-02	1.900433e-01	-1.255706e-01	1.578070e-01	-1.441534e-02	8.151236e-03	2.029126e-02	1.829687e-02	1.994396e-03
210           	4.152933e-01	1.932605e-01	2.220328e-01	6.456428e-02	1.900577e-01	-1.254934e-01	1.577755e-01	-1.438614e-02	8.201712e-03	2.014067e-02	1.827205e-02	1.868625e-03
211           	4.152087e-01	1.932929e-01	2.219158e-01	6.461930e-02	1.899895e-01	-1.253702e-01	1.576798e-01	-1.431145e-02	8.255528e-03	1.989302e-02	1.820204e-02	1.690984e-03
212           	4.152051e-01	1.933725e-01	2.218326e-01	6.475199e-02	1.900279e-01	-1.252759e-01	1.576519e-01	-1.423006e-02	8.303544e-03	1.963172e-02	1.811941e-02	1.512317e-03
213           	4.151483e-01	1.934450e-01	2.217033e-01	6.486488e-02	1.900043e-01	-1.251395e-01	1.575719e-01	-1.412916e-02	8.356989e-03	1.931993e-02	1.801696e-02	1.302978e-03
214           	4.151840e-01	1.935514e-01	2.216326e-01	6.499130e-02	1.900496e-01	-1.250583e-01	1.575540e-01	-1.404060e-02	8.409742e-03	1.902156e-02	1.792052e-02	1.101036e-03
215           	4.151479e-01	1.936102e-01	2.215377e-01	6.508322e-02	1.900352e-01	-1.249519e-01	1.574936e-01	-1.396378e-02	8.461221e-03	1.877669e-02	1.784957e-02	9.271235e-04
216           	4.151932e-01	1.937056e-01	2.214876e-01	6.516729e-02	1.900744e-01	-1.249071e-01	1.574907e-01	-1.389102e-02	8.537951e-03	1.852417e-02	1.780004e-02	7.241330e-04
217           	4.151466e-01	1.937391e-01	2.214075e-01	6.520569e-02	1.900196e-01	-1.248139e-01	1.574168e-01	-1.383423e-02	8.597746e-03	1.833868e-02	1.776708e-02	5.715915e-04
218           	4.151770e-01	1.938037e-01	2.213733e-01	6.523710e-02	1.900131e-01	-1.247760e-01	1.573945e-01	-1.378481e-02	8.683313e-03	1.814941e-02	1.775802e-02	3.913935e-04
219           	4.151433e-01	1.938129e-01	2.213303e-01	6.524577e-02	1.899603e-01	-1.247146e-01	1.573375e-01	-1.375869e-02	8.748221e-03	1.802479e-02	1.776062e-02	2.641745e-04
220           	4.151753e-01	1.938753e-01	2.213000e-01	6.524974e-02	1.899387e-01	-1.246889e-01	1.573138e-01	-1.371232e-02	8.829736e-03	1.785549e-02	1.775748e-02	9.800959e-05
221           	4.151394e-01	1.938982e-01	2.212412e-01	6.522666e-02	1.898470e-01	-1.246203e-01	1.572337e-01	-1.367150e-02	8.885292e-03	1.772152e-02	1.774605e-02	-2.453024e-05
222           	4.151689e-01	1.939600e-01	2.212089e-01	6.524814e-02	1.898301e-01	-1.245820e-01	1.572061e-01	-1.362444e-02	8.946033e-03	1.755980e-02	1.772593e-02	-1.661336e-04
223           	4.151843e-01	1.940128e-01	2.211715e-01	6.522886e-02	1.897763e-01	-1.245474e-01	1.571618e-01	-1.357934e-02	8.966895e-03	1.742062e-02	1.767721e-02	-2.565837e-04
224           	4.152752e-01	1.941175e-01	2.211577e-01	6.523621e-02	1.897798e-01	-1.245436e-01	1.571617e-01	-1.352010e-02	8.988942e-03	1.724412e-02	1.761100e-02	-3.668800e-04
225           	4.152888e-01	1.941723e-01	2.211165e-01	6.520795e-02	1.897113e-01	-1.245034e-01	1.571073e-01	-1.347207e-02	9.005227e-03	1.710713e-02	1.755879e-02	-4.516615e-04
226           	4.153892e-01	1.942614e-01	2.211278e-01	6.523710e-02	1.897521e-01	-1.245150e-01	1.571335e-01	-1.343319e-02	9.022806e-03	1.699359e-02	1.751960e-02	-5.260107e-04
227           	4.154257e-01	1.942974e-01	2.211283e-01	6.523375e-02	1.897394e-01	-1.245057e-01	1.571225e-01	-1.341547e-02	9.040359e-03	1.693236e-02	1.750654e-02	-5.741803e-04
228           	4.155050e-01	1.943472e-01	2.211578e-01	6.521204e-02	1.897523e-01	-1.245403e-01	1.571463e-01	-1.340534e-02	9.071080e-03	1.688661e-02	1.751438e-02	-6.277775e-04
229           	4.155192e-01	1.943433e-01	2.211759e-01	6.515599e-02	1.897011e-01	-1.245451e-01	1.571231e-01	-1.341631e-02	9.112265e-03	1.690698e-02	1.756575e-02	-6.587767e-04
230           	4.155672e-01	1.943430e-01	2.212242e-01	6.515582e-02	1.897221e-01	-1.245663e-01	1.571442e-01	-1.344057e-02	9.163246e-03	1.696848e-02	1.764748e-02	-6.790064e-04
231           	4.155890e-01	1.942993e-01	2.212897e-01	6.509797e-02	1.896901e-01	-1.245922e-01	1.571412e-01	-1.349522e-02	9.204042e-03	1.710184e-02	1.775496e-02	-6.531208e-04
232           	4.156241e-01	1.942790e-01	2.213451e-01	6.505407e-02	1.896673e-01	-1.246133e-01	1.571403e-01	-1.353308e-02	9.256183e-03	1.719067e-02	1.785152e-02	-6.608472e-04
233           	4.156391e-01	1.942429e-01	2.213961e-01	6.498882e-02	1.896145e-01	-1.246256e-01	1.571200e-01	-1.357660e-02	9.282330e-03	1.730808e-02	1.793637e-02	-6.282906e-04
234           	4.157008e-01	1.942425e-01	2.214583e-01	6.498440e-02	1.896331e-01	-1.246487e-01	1.571409e-01	-1.360790e-02	9.308164e-03	1.739316e-02	1.800474e-02	-6.115858e-04
235           	4.157252e-01	1.942194e-01	2.215058e-01	6.496484e-02	1.896083e-01	-1.246434e-01	1.571258e-01	-1.364321e-02	9.300790e-03	1.750078e-02	1.805118e-02	-5.504019e-04
236           	4.158287e-01	1.942384e-01	2.215903e-01	6.496359e-02	1.896406e-01	-1.246770e-01	1.571588e-01	-1.367593e-02	9.298708e-03	1.758927e-02	1.809334e-02	-5.040727e-04
237           	4.158786e-01	1.942413e-01	2.216374e-01	6.496192e-02	1.896376e-01	-1.246757e-01	1.571566e-01	-1.369805e-02	9.275023e-03	1.766515e-02	1.810760e-02	-4.424474e-04
238           	4.159790e-01	1.942719e-01	2.217072e-01	6.497671e-02	1.896914e-01	-1.247147e-01	1.572030e-01	-1.371766e-02	9.249217e-03	1.774755e-02	1.812299e-02	-3.754425e-04
239           	4.160345e-01	1.942658e-01	2.217687e-01	6.497174e-02	1.897028e-01	-1.247310e-01	1.572169e-01	-1.375147e-02	9.211727e-03	1.787136e-02	1.814741e-02	-2.760486e-04
240           	4.161004e-01	1.942520e-01	2.218484e-01	6.495465e-02	1.897219e-01	-1.247673e-01	1.572446e-01	-1.379824e-02	9.186881e-03	1.803369e-02	1.820373e-02	-1.700360e-04
241           	4.161369e-01	1.942152e-01	2.219216e-01	6.491371e-02	1.897220e-01	-1.248083e-01	1.572651e-01	-1.385319e-02	9.167483e-03	1.822475e-02	1.827986e-02	-5.510639e-05
242           	4.161729e-01	1.941627e-01	2.220102e-01	6.485767e-02	1.897275e-01	-1.248698e-01	1.572986e-01	-1.392375e-02	9.144296e-03	1.847486e-02	1.838173e-02	9.313352e-05
243           	4.161430e-01	1.940872e-01	2.220558e-01	6.479173e-02	1.896814e-01	-1.248897e-01	1.572856e-01	-1.398431e-02	9.124772e-03	1.871002e-02	1.847978e-02	2.302351e-04
244           	4.161403e-01	1.940004e-01	2.221399e-01	6.471984e-02	1.896596e-01	-1.249397e-01	1.572997e-01	-1.406973e-02	9.086667e-03	1.900736e-02	1.859035e-02	4.170150e-04
245           	4.161025e-01	1.939196e-01	2.221828e-01	6.469247e-02	1.896432e-01	-1.249508e-01	1.572970e-01	-1.413160e-02	9.037438e-03	1.925445e-02	1.866466e-02	5.897845e-04
246           	4.161047e-01	1.938489e-01	2.222558e-01	6.462563e-02	1.896332e-01	-1.250076e-01	1.573204e-01	-1.420346e-02	8.951450e-03	1.954483e-02	1.872387e-02	8.209669e-04
247           	4.160728e-01	1.937866e-01	2.222862e-01	6.461355e-02	1.896214e-01	-1.250078e-01	1.573146e-01	-1.424979e-02	8.851128e-03	1.976988e-02	1.873607e-02	1.033811e-03
248           	4.160465e-01	1.937246e-01	2.223218e-01	6.459314e-02	1.896237e-01	-1.250306e-01	1.573271e-01	-1.429860e-02	8.724538e-03	2.000276e-02	1.872592e-02	1.276844e-03
249           	4.160385e-01	1.936857e-01	2.223527e-01	6.464695e-02	1.896778e-01	-1.250309e-01	1.573544e-01	-1.433349e-02	8.586609e-03	2.018540e-02	1.867931e-02	1.506090e-03
250           	4.160549e-01	1.936499e-01	2.224050e-01	6.462845e-02	1.897193e-01	-1.250908e-01	1.574050e-01	-1.437758e-02	8.452936e-03	2.037945e-02	1.864266e-02	1.736788e-03
251           	4.160493e-01	1.936047e-01	2.224446e-01	6.464137e-02	1.897541e-01	-1.251127e-01	1.574334e-01	-1.441998e-02	8.322845e-03	2.055601e-02	1.860085e-02	1.955161e-03
252           	4.160231e-01	1.935435e-01	2.224797e-01	6.466389e-02	1.898150e-01	-1.251511e-01	1.574830e-01	-1.446809e-02	8.218057e-03	2.073830e-02	1.858721e-02	2.151091e-03
253           	4.159822e-01	1.934649e-01	2.225173e-01	6.468927e-02	1.898676e-01	-1.251784e-01	1.575230e-01	-1.452620e-02	8.125103e-03	2.092726e-02	1.858873e-02	2.338529e-03
254           	4.159400e-01	1.933855e-01	2.225545e-01	6.470246e-02	1.899270e-01	-1.252245e-01	1.575757e-01	-1.458452e-02	8.061562e-03	2.110554e-02	1.861433e-02	2.491206e-03
255           	4.158468e-01	1.932734e-01	2.225734e-01	6.469009e-02	1.899249e-01	-1.252348e-01	1.575798e-01	-1.465002e-02	8.003671e-03	2.131116e-02	1.865925e-02	2.651910e-03
256           	4.157312e-01	1.931621e-01	2.225691e-01	6.472129e-02	1.899534e-01	-1.252321e-01	1.575927e-01	-1.470351e-02	7.982403e-03	2.146540e-02	1.871511e-02	2.750299e-03
257           	4.156156e-01	1.930504e-01	2.225652e-01	6.474337e-02	1.899621e-01	-1.252187e-01	1.575904e-01	-1.475743e-02	7.952344e-03	2.159918e-02	1.875193e-02	2.847244e-03
258           	4.155450e-01	1.929776e-01	2.225674e-01	6.477354e-02	1.899956e-01	-1.252220e-01	1.576088e-01	-1.479489e-02	7.933429e-03	2.167393e-02	1.877040e-02	2.903536e-03
259           	4.154285e-01	1.929070e-01	2.225214e-01	6.479441e-02	1.899676e-01	-1.251732e-01	1.575704e-01	-1.480719e-02	7.911852e-03	2.167611e-02	1.874990e-02	2.926201e-03
260           	4.153895e-01	1.928891e-01	2.225004e-01	6.489079e-02	1.900348e-01	-1.251440e-01	1.575894e-01	-1.480564e-02	7.901266e-03	2.162707e-02	1.871480e-02	2.912268e-03
261           	4.153207e-01	1.928668e-01	2.224538e-01	6.495373e-02	1.900450e-01	-1.250912e-01	1.575681e-01	-1.479350e-02	7.889218e-03	2.153593e-02	1.865718e-02	2.878746e-03
262           	4.153147e-01	1.928756e-01	2.224391e-01	6.505809e-02	1.901244e-01	-1.250663e-01	1.575954e-01	-1.478172e-02	7.883662e-03	2.142768e-02	1.859750e-02	2.830178e-03
263           	4.152835e-01	1.928757e-01	2.224078e-01	6.512487e-02	1.901604e-01	-1.250355e-01	1.575979e-01	-1.476600e-02	7.882869e-03	2.130175e-02	1.853375e-02	2.768007e-03
264           	4.152997e-01	1.928958e-01	2.224039e-01	6.520611e-02	1.902311e-01	-1.250250e-01	1.576280e-01	-1.475403e-02	7.901552e-03	2.119181e-02	1.849746e-02	2.694354e-03
265           	4.152416e-01	1.928877e-01	2.223539e-01	6.523115e-02	1.902236e-01	-1.249924e-01	1.576080e-01	-1.473307e-02	7.938734e-03	2.106656e-02	1.847202e-02	2.594549e-03
266           	4.152236e-01	1.928860e-01	2.223376e-01	6.525768e-02	1.902499e-01	-1.249922e-01	1.576211e-01	-1.472584e-02	8.006021e-03	2.095679e-02	1.848442e-02	2.472374e-03
267           	4.151848e-01	1.928627e-01	2.223220e-01	6.524946e-02	1.902372e-01	-1.249878e-01	1.576125e-01	-1.472965e-02	8.073377e-03	2.088503e-02	1.851589e-02	2.369137e-03
268           	4.151628e-01	1.928659e-01	2.222969e-01	6.525757e-02	1.902449e-01	-1.249873e-01	1.576161e-01	-1.471551e-02	8.167312e-03	2.076938e-02	1.855200e-02	2.217378e-03
269           	4.150676e-01	1.928432e-01	2.222243e-01	6.521374e-02	1.901481e-01	-1.249344e-01	1.575413e-01	-1.469054e-02	8.255805e-03	2.064481e-02	1.857821e-02	2.066600e-03
270           	4.150331e-01	1.928648e-01	2.221684e-01	6.524553e-02	1.901406e-01	-1.248951e-01	1.575179e-01	-1.465178e-02	8.356818e-03	2.046912e-02	1.859138e-02	1.877740e-03
271           	4.149783e-01	1.928727e-01	2.221056e-01	6.524948e-02	1.900909e-01	-1.248414e-01	1.574661e-01	-1.461647e-02	8.426609e-03	2.031134e-02	1.858228e-02	1.729059e-03
272           	4.149981e-01	1.929414e-01	2.220566e-01	6.527955e-02	1.900974e-01	-1.248178e-01	1.574576e-01	-1.455761e-02	8.513234e-03	2.007453e-02	1.855050e-02	1.524031e-03
273           	4.149725e-01	1.929943e-01	2.219782e-01	6.528626e-02	1.900418e-01	-1.247555e-01	1.573986e-01	-1.449198e-02	8.569217e-03	1.983750e-02	1.848797e-02	1.349536e-03
274           	4.150155e-01	1.930820e-01	2.219335e-01	6.538488e-02	1.900995e-01	-1.247146e-01	1.574070e-01	-1.442572e-02	8.631170e-03	1.959093e-02	1.842663e-02	1.164295e-03
275           	4.150398e-01	1.931410e-01	2.218989e-01	6.544466e-02	1.901163e-01	-1.246716e-01	1.573940e-01	-1.437895e-02	8.686168e-03	1.938057e-02	1.837645e-02	1.004117e-03
276           	4.151115e-01	1.932117e-01	2.218998e-01	6.550462e-02	1.901742e-01	-1.246696e-01	1.574219e-01	-1.434409e-02	8.754845e-03	1.920528e-02	1.835749e-02	8.477966e-04
277           	4.151361e-01	1.932374e-01	2.218987e-01	6.548281e-02	1.901510e-01	-1.246681e-01	1.574095e-01	-1.433063e-02	8.819902e-03	1.909385e-02	1.836683e-02	7.270233e-04
278           	4.151799e-01	1.932708e-01	2.219091e-01	6.549485e-02	1.901770e-01	-1.246821e-01	1.574296e-01	-1.431914e-02	8.910066e-03	1.899695e-02	1.840854e-02	5.884077e-04
279           	4.151799e-01	1.932538e-01	2.219261e-01	6.543214e-02	1.901179e-01	-1.246857e-01	1.574018e-01	-1.433616e-02	9.001772e-03	1.898319e-02	1.849337e-02	4.898258e-04
280           	4.152353e-01	1.932451e-01	2.219901e-01	6.535477e-02	1.900840e-01	-1.247292e-01	1.574066e-01	-1.437248e-02	9.114569e-03	1.901288e-02	1.862101e-02	3.918723e-04
281           	4.152371e-01	1.932135e-01	2.220236e-01	6.525606e-02	1.900045e-01	-1.247485e-01	1.573765e-01	-1.440508e-02	9.225125e-03	1.904061e-02	1.874543e-02	2.951791e-04
282           	4.152781e-01	1.931988e-01	2.220792e-01	6.516418e-02	1.899446e-01	-1.247804e-01	1.573625e-01	-1.444022e-02	9.334527e-03	1.908253e-02	1.887579e-02	2.067381e-04
283           	4.152733e-01	1.931691e-01	2.221042e-01	6.506826e-02	1.898350e-01	-1.247668e-01	1.573009e-01	-1.446755e-02	9.425428e-03	1.912144e-02	1.898615e-02	1.352936e-04
284           	4.153311e-01	1.931838e-01	2.221474e-01	6.502415e-02	1.898008e-01	-1.247767e-01	1.572887e-01	-1.448178e-02	9.517779e-03	1.910926e-02	1.907241e-02	3.685285e-05
285           	4.153930e-01	1.932061e-01	2.221869e-01	6.497361e-02	1.897541e-01	-1.247805e-01	1.572673e-01	-1.449037e-02	9.577493e-03	1.911197e-02	1.913348e-02	-2.150744e-05
286           	4.155196e-01	1.932605e-01	2.222591e-01	6.492884e-02	1.897474e-01	-1.248185e-01	1.572830e-01	-1.449930e-02	9.642368e-03	1.910090e-02	1.919282e-02	-9.191751e-05
287           	4.155850e-01	1.933009e-01	2.222842e-01	6.488578e-02	1.897005e-01	-1.248147e-01	1.572576e-01	-1.449167e-02	9.700414e-03	1.905604e-02	1.922843e-02	-1.723959e-04
288           	4.157207e-01	1.933533e-01	2.223674e-01	6.489868e-02	1.897463e-01	-1.248476e-01	1.572970e-01	-1.450707e-02	9.750340e-03	1.906510e-02	1.928289e-02	-2.177913e-04
289           	4.158386e-01	1.933889e-01	2.224497e-01	6.488647e-02	1.897715e-01	-1.248850e-01	1.573283e-01	-1.453039e-02	9.811438e-03	1.909833e-02	1.936060e-02	-2.622727e-04
290           	4.159480e-01	1.934031e-01	2.225449e-01	6.481992e-02	1.897786e-01	-1.249587e-01	1.573687e-01	-1.457094e-02	9.885667e-03	1.917539e-02	1.947336e-02	-2.979733e-04
291           	4.160117e-01	1.933825e-01	2.226292e-01	6.475292e-02	1.897523e-01	-1.249994e-01	1.573759e-01	-1.462334e-02	9.960446e-03	1.929436e-02	1.960763e-02	-3.132638e-04
292           	4.160418e-01	1.933422e-01	2.226996e-01	6.466158e-02	1.897092e-01	-1.250477e-01	1.573785e-01	-1.467874e-02	1.004396e-02	1.943709e-02	1.976251e-02	-3.254156e-04
293           	4.160869e-01	1.932976e-01	2.227893e-01	6.459220e-02	1.896819e-01	-1.250897e-01	1.573858e-01	-1.474582e-02	1.011572e-02	1.960668e-02	1.991906e-02	-3.123793e-04
294           	4.160774e-01	1.932291e-01	2.228483e-01	6.446499e-02	1.895939e-01	-1.251289e-01	1.573614e-01	-1.480958e-02	1.019082e-02	1.977699e-02	2.007931e-02	-3.023211e-04
295           	4.160934e-01	1.931776e-01	2.229158e-01	6.437919e-02	1.895216e-01	-1.251424e-01	1.573320e-01	-1.486912e-02	1.024161e-02	1.994341e-02	2.021332e-02	-2.699074e-04
296           	4.160998e-01	1.931658e-01	2.229340e-01	6.430737e-02	1.894687e-01	-1.251614e-01	1.573150e-01	-1.488413e-02	1.029195e-02	2.000317e-02	2.029353e-02	-2.903601e-04
297           	4.161181e-01	1.931396e-01	2.229785e-01	6.431452e-02	1.894510e-01	-1.251364e-01	1.572937e-01	-1.491940e-02	1.029678e-02	2.010820e-02	2.035088e-02	-2.426822e-04
298           	4.161400e-01	1.931447e-01	2.229953e-01	6.427396e-02	1.894192e-01	-1.251452e-01	1.572822e-01	-1.492530e-02	1.030941e-02	2.013273e-02	2.037577e-02	-2.430450e-04
299           	4.161994e-01	1.931573e-01	2.230421e-01	6.429869e-02	1.894394e-01	-1.251407e-01	1.572901e-01	-1.494241e-02	1.028027e-02	2.018241e-02	2.037148e-02	-1.890656e-04
300           	4.162793e-01	1.931855e-01	2.230938e-01	6.429048e-02	1.894685e-01	-1.251780e-01	1.573232e-01	-1.495414e-02	1.025761e-02	2.022509e-02	2.037015e-02	-1.450611e-04
301           	4.163305e-01	1.931841e-01	2.231464e-01	6.433015e-02	1.895067e-01	-1.251766e-01	1.573417e-01	-1.498119e-02	1.022161e-02	2.029838e-02	2.037080e-02	-7.241653e-05
302           	4.163832e-01	1.931685e-01	2.232147e-01	6.430283e-02	1.895334e-01	-1.252306e-01	1.573820e-01	-1.502312e-02	1.019397e-02	2.040284e-02	2.039539e-02	7.444771e-06
303           	4.164241e-01	1.931363e-01	2.232878e-01	6.428502e-02	1.895586e-01	-1.252736e-01	1.574161e-01	-1.507579e-02	1.016569e-02	2.054700e-02	2.043919e-02	1.078102e-04
304           	4.164830e-01	1.930814e-01	2.234016e-01	6.420676e-02	1.895662e-01	-1.253595e-01	1.574628e-01	-1.516009e-02	1.013218e-02	2.078485e-02	2.052460e-02	2.602436e-04
305           	4.164197e-01	1.929925e-01	2.234272e-01	6.413510e-02	1.895008e-01	-1.253657e-01	1.574332e-01	-1.521731e-02	1.011538e-02	2.097027e-02	2.060051e-02	3.697532e-04
306           	4.163922e-01	1.929061e-01	2.234861e-01	6.406695e-02	1.894700e-01	-1.254031e-01	1.574366e-01	-1.528998e-02	1.008648e-02	2.119283e-02	2.068290e-02	5.099312e-04
307           	4.163362e-01	1.928218e-01	2.235144e-01	6.399250e-02	1.894063e-01	-1.254138e-01	1.574101e-01	-1.534632e-02	1.004786e-02	2.138993e-02	2.074283e-02	6.471076e-04
308           	4.163008e-01	1.927554e-01	2.235454e-01	6.395219e-02	1.893740e-01	-1.254218e-01	1.573979e-01	-1.539504e-02	9.984791e-03	2.157417e-02	2.077188e-02	8.022940e-04
309           	4.162129e-01	1.926856e-01	2.235273e-01	6.390180e-02	1.892874e-01	-1.253856e-01	1.573365e-01	-1.542083e-02	9.895811e-03	2.171959e-02	2.075561e-02	9.639841e-04
310           	4.161813e-01	1.926517e-01	2.235296e-01	6.395606e-02	1.893001e-01	-1.253441e-01	1.573221e-01	-1.543896e-02	9.782820e-03	2.183702e-02	2.070133e-02	1.135689e-03
311           	4.161538e-01	1.926350e-01	2.235188e-01	6.398344e-02	1.892955e-01	-1.253121e-01	1.573038e-01	-1.544186e-02	9.638021e-03	2.191938e-02	2.059771e-02	1.321670e-03
312           	4.161911e-01	1.926427e-01	2.235484e-01	6.406075e-02	1.893681e-01	-1.253074e-01	1.573377e-01	-1.545284e-02	9.489027e-03	2.200148e-02	2.048977e-02	1.511712e-03
313           	4.161749e-01	1.926254e-01	2.235496e-01	6.408546e-02	1.893637e-01	-1.252782e-01	1.573210e-01	-1.546209e-02	9.325999e-03	2.208808e-02	2.037004e-02	1.718040e-03
314           	4.162047e-01	1.926156e-01	2.235891e-01	6.419434e-02	1.894703e-01	-1.252759e-01	1.573731e-01	-1.548674e-02	9.182949e-03	2.218680e-02	2.027635e-02	1.910450e-03
315           	4.161768e-01	1.925649e-01	2.236119e-01	6.421974e-02	1.894969e-01	-1.252771e-01	1.573870e-01	-1.552354e-02	9.044999e-03	2.231943e-02	2.020471e-02	2.114714e-03
316           	4.161824e-01	1.925008e-01	2.236816e-01	6.425141e-02	1.895625e-01	-1.253111e-01	1.574368e-01	-1.559039e-02	8.945243e-03	2.249636e-02	2.019342e-02	2.302935e-03
317           	4.161053e-01	1.923985e-01	2.237068e-01	6.421962e-02	1.895417e-01	-1.253220e-01	1.574318e-01	-1.565412e-02	8.850613e-03	2.268106e-02	2.019114e-02	2.489917e-03
318           	4.160252e-01	1.923034e-01	2.237218e-01	6.421310e-02	1.895489e-01	-1.253358e-01	1.574424e-01	-1.570920e-02	8.799382e-03	2.283681e-02	2.021779e-02	2.619025e-03
319           	4.158802e-01	1.921755e-01	2.237047e-01	6.418970e-02	1.894961e-01	-1.253064e-01	1.574012e-01	-1.576460e-02	8.738968e-03	2.300245e-02	2.024019e-02	2.762258e-03
320           	4.157730e-01	1.920664e-01	2.237066e-01	6.420801e-02	1.894945e-01	-1.252865e-01	1.573905e-01	-1.582011e-02	8.696084e-03	2.314062e-02	2.026639e-02	2.874224e-03
321           	4.156143e-01	1.919731e-01	2.236413e-01	6.423832e-02	1.894632e-01	-1.252249e-01	1.573441e-01	-1.583409e-02	8.642958e-03	2.317494e-02	2.023043e-02	2.944513e-03
322           	4.155375e-01	1.919360e-01	2.236015e-01	6.429667e-02	1.894810e-01	-1.251843e-01	1.573326e-01	-1.583272e-02	8.592836e-03	2.316438e-02	2.017502e-02	2.989352e-03
323           	4.154267e-01	1.919081e-01	2.235186e-01	6.439231e-02	1.894870e-01	-1.250947e-01	1.572909e-01	-1.580529e-02	8.534434e-03	2.307092e-02	2.006989e-02	3.001024e-03
324           	4.153914e-01	1.919115e-01	2.234799e-01	6.451911e-02	1.895527e-01	-1.250336e-01	1.572931e-01	-1.578420e-02	8.480872e-03	2.296632e-02	1.996403e-02	3.002288e-03
325           	4.153700e-01	1.919361e-01	2.234339e-01	6.463799e-02	1.896171e-01	-1.249791e-01	1.572981e-01	-1.574892e-02	8.426907e-03	2.280590e-02	1.982986e-02	2.976041e-03
326           	4.154147e-01	1.919868e-01	2.234279e-01	6.473592e-02	1.897082e-01	-1.249722e-01	1.573402e-01	-1.572057e-02	8.382215e-03	2.265219e-02	1.970831e-02	2.943878e-03
327           	4.153998e-01	1.920074e-01	2.233924e-01	6.481629e-02	1.897473e-01	-1.249310e-01	1.573392e-01	-1.569246e-02	8.359550e-03	2.249871e-02	1.960891e-02	2.889806e-03
328           	4.154353e-01	1.920166e-01	2.234186e-01	6.488698e-02	1.898237e-01	-1.249367e-01	1.573802e-01	-1.570100e-02	8.362892e-03	2.241897e-02	1.957238e-02	2.846595e-03
329           	4.154096e-01	1.920064e-01	2.234032e-01	6.490172e-02	1.898289e-01	-1.249272e-01	1.573781e-01	-1.569837e-02	8.389034e-03	2.231760e-02	1.954783e-02	2.769765e-03
330           	4.154123e-01	1.919931e-01	2.234192e-01	6.489366e-02	1.898428e-01	-1.249491e-01	1.573960e-01	-1.571306e-02	8.449434e-03	2.225933e-02	1.957910e-02	2.680233e-03
331           	4.153548e-01	1.919555e-01	2.233993e-01	6.481809e-02	1.897594e-01	-1.249413e-01	1.573504e-01	-1.572187e-02	8.522981e-03	2.221110e-02	1.962853e-02	2.582567e-03
332           	4.153053e-01	1.919428e-01	2.233625e-01	6.480315e-02	1.897277e-01	-1.249245e-01	1.573261e-01	-1.570982e-02	8.618787e-03	2.209878e-02	1.966818e-02	2.430605e-03
333           	4.152486e-01	1.919336e-01	2.233150e-01	6.477014e-02	1.896568e-01	-1.248866e-01	1.572717e-01	-1.569070e-02	8.696347e-03	2.198461e-02	1.968865e-02	2.295961e-03
334           	4.152268e-01	1.919664e-01	2.232604e-01	6.477396e-02	1.896279e-01	-1.248539e-01	1.572409e-01	-1.564698e-02	8.787228e-03	2.178976e-02	1.968211e-02	2.107652e-03
335           	4.152115e-01	1.920259e-01	2.231856e-01	6.476989e-02	1.895705e-01	-1.248006e-01	1.571856e-01	-1.557983e-02	8.846366e-03	2.155025e-02	1.962149e-02	1.928758e-03
336           	4.152548e-01	1.921310e-01	2.231239e-01	6.484736e-02	1.895981e-01	-1.247507e-01	1.571744e-01	-1.549647e-02	8.903857e-03	2.126367e-02	1.953569e-02	1.727980e-03
337           	4.153243e-01	1.922454e-01	2.230790e-01	6.494467e-02	1.896397e-01	-1.246951e-01	1.571674e-01	-1.541679e-02	8.949870e-03	2.096751e-02	1.943362e-02	1.533882e-03
338           	4.154058e-01	1.923574e-01	2.230484e-01	6.501147e-02	1.896816e-01	-1.246702e-01	1.571759e-01	-1.534551e-02	8.994763e-03	2.068449e-02	1.933701e-02	1.347481e-03
339           	4.155116e-01	1.924664e-01	2.230452e-01	6.512486e-02	1.897659e-01	-1.246410e-01	1.572035e-01	-1.528943e-02	9.038329e-03	2.043981e-02	1.925823e-02	1.181577e-03
340           	4.156418e-01	1.925594e-01	2.230824e-01	6.514971e-02	1.898209e-01	-1.246712e-01	1.572460e-01	-1.526150e-02	9.097139e-03	2.027728e-02	1.923578e-02	1.041502e-03
341           	4.157167e-01	1.926021e-01	2.231146e-01	6.517419e-02	1.898471e-01	-1.246729e-01	1.572600e-01	-1.525623e-02	9.174057e-03	2.016999e-02	1.925905e-02	9.109375e-04
342           	4.157923e-01	1.926150e-01	2.231773e-01	6.512146e-02	1.898482e-01	-1.247268e-01	1.572875e-01	-1.528112e-02	9.266952e-03	2.015955e-02	1.934673e-02	8.128226e-04
343           	4.158529e-01	1.926181e-01	2.232348e-01	6.506869e-02	1.898263e-01	-1.247577e-01	1.572920e-01	-1.530836e-02	9.381370e-03	2.014906e-02	1.945590e-02	6.931611e-04
344           	4.158907e-01	1.926114e-01	2.232794e-01	6.491816e-02	1.897381e-01	-1.248200e-01	1.572791e-01	-1.533399e-02	9.495855e-03	2.018617e-02	1.958894e-02	5.972287e-04
345           	4.158763e-01	1.925836e-01	2.232926e-01	6.484647e-02	1.896476e-01	-1.248011e-01	1.572243e-01	-1.535450e-02	9.605126e-03	2.021163e-02	1.971094e-02	5.006883e-04
346           	4.158618e-01	1.925795e-01	2.232823e-01	6.473100e-02	1.895390e-01	-1.248080e-01	1.571735e-01	-1.535140e-02	9.716074e-03	2.019600e-02	1.981408e-02	3.819260e-04
347           	4.159028e-01	1.926195e-01	2.232833e-01	6.470109e-02	1.894904e-01	-1.247893e-01	1.571398e-01	-1.533187e-02	9.800864e-03	2.012846e-02	1.986510e-02	2.633681e-04
348           	4.159637e-01	1.926870e-01	2.232767e-01	6.462355e-02	1.894239e-01	-1.248003e-01	1.571121e-01	-1.529485e-02	9.867521e-03	2.004327e-02	1.988915e-02	1.541120e-04
349           	4.160357e-01	1.927627e-01	2.232730e-01	6.465562e-02	1.894221e-01	-1.247665e-01	1.570943e-01	-1.525513e-02	9.913329e-03	1.992503e-02	1.987584e-02	4.918618e-05
350           	4.161347e-01	1.928544e-01	2.232803e-01	6.468346e-02	1.894591e-01	-1.247757e-01	1.571174e-01	-1.521292e-02	9.956159e-03	1.980202e-02	1.985717e-02	-5.515029e-05
351           	4.162747e-01	1.929481e-01	2.233266e-01	6.473818e-02	1.895255e-01	-1.247874e-01	1.571564e-01	-1.518921e-02	9.974081e-03	1.971372e-02	1.983094e-02	-1.172215e-04
352           	4.164341e-01	1.930327e-01	2.234014e-01	6.473040e-02	1.895916e-01	-1.248612e-01	1.572264e-01	-1.518437e-02	1.001236e-02	1.967205e-02	1.984839e-02	-1.763365e-04
353           	4.165569e-01	1.930793e-01	2.234776e-01	6.473754e-02	1.896474e-01	-1.249099e-01	1.572787e-01	-1.519915e-02	1.003827e-02	1.968841e-02	1.988247e-02	-1.940586e-04
354           	4.166505e-01	1.930859e-01	2.235645e-01	6.466090e-02	1.896627e-01	-1.250018e-01	1.573323e-01	-1.523930e-02	1.009025e-02	1.978945e-02	1.998498e-02	-1.955291e-04
355           	4.167079e-01	1.930484e-01	2.236595e-01	6.457794e-02	1.896440e-01	-1.250661e-01	1.573551e-01	-1.530553e-02	1.014871e-02	1.994004e-02	2.011873e-02	-1.786888e-04
356           	4.167146e-01	1.929828e-01	2.237318e-01	6.444419e-02	1.895928e-01	-1.251486e-01	1.573707e-01	-1.537448e-02	1.020988e-02	2.013604e-02	2.027790e-02	-1.418631e-04
357           	4.167149e-01	1.929221e-01	2.237928e-01	6.432739e-02	1.895292e-01	-1.252018e-01	1.573655e-01	-1.543532e-02	1.027036e-02	2.031660e-02	2.042866e-02	-1.120541e-04
358           	4.166532e-01	1.928577e-01	2.237955e-01	6.418018e-02	1.894069e-01	-1.252267e-01	1.573168e-01	-1.546892e-02	1.032425e-02	2.045533e-02	2.055192e-02	-9.658448e-05
359           	4.166092e-01	1.928266e-01	2.237826e-01	6.410916e-02	1.893226e-01	-1.252134e-01	1.572680e-01	-1.547796e-02	1.035850e-02	2.051894e-02	2.061797e-02	-9.902827e-05
360           	4.165959e-01	1.928173e-01	2.237787e-01	6.405170e-02	1.892782e-01	-1.252265e-01	1.572523e-01	-1.548070e-02	1.035514e-02	2.057579e-02	2.064304e-02	-6.724642e-05
361           	4.166137e-01	1.928561e-01	2.237577e-01	6.406141e-02	1.892633e-01	-1.252019e-01	1.572326e-01	-1.545078e-02	1.034209e-02	2.053596e-02	2.061006e-02	-7.410746e-05
362           	4.166603e-01	1.929068e-01	2.237535e-01	6.406163e-02	1.892703e-01	-1.252087e-01	1.572395e-01	-1.542333e-02	1.029590e-02	2.050230e-02	2.054705e-02	-4.475250e-05
363           	4.167042e-01	1.929665e-01	2.237377e-01	6.415244e-02	1.893176e-01	-1.251651e-01	1.572413e-01	-1.538556e-02	1.022317e-02	2.043325e-02	2.043979e-02	-6.541538e-06
364           	4.167927e-01	1.930243e-01	2.237683e-01	6.420216e-02	1.894030e-01	-1.252009e-01	1.573019e-01	-1.537199e-02	1.015121e-02	2.041712e-02	2.035977e-02	5.735464e-05
365           	4.168934e-01	1.930630e-01	2.238303e-01	6.426099e-02	1.894951e-01	-1.252341e-01	1.573646e-01	-1.538367e-02	1.006577e-02	2.045723e-02	2.029439e-02	1.628395e-04
366           	4.169828e-01	1.930600e-01	2.239229e-01	6.421624e-02	1.895330e-01	-1.253167e-01	1.574249e-01	-1.543145e-02	9.994616e-03	2.060416e-02	2.029670e-02	3.074660e-04
367           	4.169922e-01	1.930132e-01	2.239790e-01	6.420764e-02	1.895544e-01	-1.253468e-01	1.574506e-01	-1.548288e-02	9.923519e-03	2.076712e-02	2.030708e-02	4.600387e-04
368           	4.169761e-01	1.929342e-01	2.240419e-01	6.412063e-02	1.895482e-01	-1.254276e-01	1.574879e-01	-1.555383e-02	9.872604e-03	2.100066e-02	2.037294e-02	6.277284e-04
369           	4.169390e-01	1.928326e-01	2.241065e-01	6.403414e-02	1.895095e-01	-1.254754e-01	1.574925e-01	-1.563696e-02	9.808329e-03	2.128424e-02	2.045045e-02	8.337906e-04
370           	4.168648e-01	1.927145e-01	2.241503e-01	6.386551e-02	1.893960e-01	-1.255305e-01	1.574633e-01	-1.571793e-02	9.743761e-03	2.158985e-02	2.053869e-02	1.051164e-03
371           	4.167374e-01	1.926220e-01	2.241154e-01	6.380059e-02	1.893076e-01	-1.255070e-01	1.574073e-01	-1.574674e-02	9.654624e-03	2.177567e-02	2.054246e-02	1.233214e-03
372           	4.166416e-01	1.925589e-01	2.240827e-01	6.372304e-02	1.892348e-01	-1.255118e-01	1.573733e-01	-1.576191e-02	9.546561e-03	2.193328e-02	2.051320e-02	1.420079e-03
373           	4.165830e-01	1.925263e-01	2.240567e-01	6.374372e-02	1.892125e-01	-1.254688e-01	1.573407e-01	-1.576517e-02	9.408095e-03	2.203294e-02	2.042457e-02	1.608376e-03
374           	4.165403e-01	1.925163e-01	2.240239e-01	6.375278e-02	1.892021e-01	-1.254493e-01	1.573257e-01	-1.575379e-02	9.258219e-03	2.209156e-02	2.030400e-02	1.787560e-03
375           	4.165182e-01	1.925363e-01	2.239819e-01	6.387497e-02	1.892559e-01	-1.253809e-01	1.573184e-01	-1.572278e-02	9.077751e-03	2.207635e-02	2.011592e-02	1.960424e-03
376           	4.165441e-01	1.925855e-01	2.239587e-01	6.397665e-02	1.893540e-01	-1.253774e-01	1.573657e-01	-1.568661e-02	8.919058e-03	2.202708e-02	1.993260e-02	2.094484e-03
377           	4.165977e-01	1.926022e-01	2.239955e-01	6.413663e-02	1.894981e-01	-1.253615e-01	1.574298e-01	-1.569663e-02	8.748062e-03	2.205798e-02	1.977705e-02	2.280928e-03
378           	4.166127e-01	1.925815e-01	2.240312e-01	6.421640e-02	1.896013e-01	-1.253849e-01	1.574931e-01	-1.572485e-02	8.615231e-03	2.213421e-02	1.968234e-02	2.451875e-03
379           	4.166205e-01	1.925370e-01	2.240835e-01	6.431047e-02	1.897135e-01	-1.254030e-01	1.575583e-01	-1.577326e-02	8.512317e-03	2.222979e-02	1.962721e-02	2.602578e-03
380           	4.165613e-01	1.924506e-01	2.241107e-01	6.433216e-02	1.897705e-01	-1.254384e-01	1.576044e-01	-1.583006e-02	8.447110e-03	2.237238e-02	1.963330e-02	2.739079e-03
381           	4.164805e-01	1.923192e-01	2.241613e-01	6.435487e-02	1.898091e-01	-1.254543e-01	1.576317e-01	-1.592106e-02	8.403566e-03	2.258369e-02	1.969541e-02	2.888277e-03
382           	4.163323e-01	1.921645e-01	2.241678e-01	6.429051e-02	1.897605e-01	-1.254700e-01	1.576153e-01	-1.600164e-02	8.395422e-03	2.278876e-02	1.978980e-02	2.998959e-03
383           	4.161749e-01	1.920410e-01	2.241340e-01	6.427996e-02	1.897157e-01	-1.254357e-01	1.575757e-01	-1.604651e-02	8.399123e-03	2.289272e-02	1.984548e-02	3.047236e-03
384           	4.160279e-01	1.919589e-01	2.240690e-01	6.420432e-02	1.896259e-01	-1.254216e-01	1.575237e-01	-1.605504e-02	8.398790e-03	2.293189e-02	1.986473e-02	3.067153e-03
385           	4.158646e-01	1.919048e-01	2.239598e-01	6.423226e-02	1.895507e-01	-1.253184e-01	1.574345e-01	-1.602750e-02	8.399163e-03	2.284470e-02	1.982151e-02	3.023186e-03
386           	4.157595e-01	1.919000e-01	2.238595e-01	6.426938e-02	1.895213e-01	-1.252519e-01	1.573866e-01	-1.597979e-02	8.386000e-03	2.270663e-02	1.973932e-02	2.967315e-03
387           	4.157088e-01	1.919480e-01	2.237608e-01	6.439725e-02	1.895544e-01	-1.251571e-01	1.573558e-01	-1.590640e-02	8.348607e-03	2.246632e-02	1.958177e-02	2.884555e-03
388           	4.157144e-01	1.920490e-01	2.236654e-01	6.450146e-02	1.896053e-01	-1.251039e-01	1.573546e-01	-1.580819e-02	8.324018e-03	2.216567e-02	1.940685e-02	2.758817e-03
389           	4.157391e-01	1.921438e-01	2.235953e-01	6.467310e-02	1.896968e-01	-1.250237e-01	1.573603e-01	-1.572572e-02	8.288976e-03	2.187523e-02	1.922659e-02	2.648637e-03
390           	4.157784e-01	1.922171e-01	2.235614e-01	6.479892e-02	1.897949e-01	-1.249960e-01	1.573954e-01	-1.567216e-02	8.276065e-03	2.166400e-02	1.910807e-02	2.555935e-03
391           	4.158531e-01	1.922769e-01	2.235763e-01	6.491672e-02	1.899155e-01	-1.249988e-01	1.574571e-01	-1.564972e-02	8.280332e-03	2.149403e-02	1.902734e-02	2.466681e-03
392           	4.159251e-01	1.923175e-01	2.236076e-01	6.491339e-02	1.899791e-01	-1.250657e-01	1.575224e-01	-1.564508e-02	8.330391e-03	2.139966e-02	1.903022e-02	2.369437e-03
393           	4.159158e-01	1.922924e-01	2.236233e-01	6.490043e-02	1.899796e-01	-1.250791e-01	1.575294e-01	-1.566545e-02	8.409587e-03	2.136405e-02	1.909161e-02	2.272437e-03
394           	4.158904e-01	1.922365e-01	2.236539e-01	6.481779e-02	1.899522e-01	-1.251345e-01	1.575434e-01	-1.570873e-02	8.522963e-03	2.140964e-02	1.922778e-02	2.181860e-03
395           	4.158088e-01	1.921795e-01	2.236293e-01	6.474815e-02	1.898812e-01	-1.251330e-01	1.575071e-01	-1.572491e-02	8.655450e-03	2.138132e-02	1.934611e-02	2.035210e-03
396           	4.157341e-01	1.921445e-01	2.235896e-01	6.461017e-02	1.897759e-01	-1.251657e-01	1.574708e-01	-1.572256e-02	8.786242e-03	2.134986e-02	1.946117e-02	1.888689e-03
397           	4.156220e-01	1.921243e-01	2.234977e-01	6.453704e-02	1.896475e-01	-1.251104e-01	1.573790e-01	-1.568672e-02	8.917325e-03	2.122203e-02	1.952834e-02	1.693690e-03
398           	4.155265e-01	1.921426e-01	2.233839e-01	6.451733e-02	1.895633e-01	-1.250460e-01	1.573046e-01	-1.562067e-02	9.021999e-03	2.104440e-02	1.954420e-02	1.500202e-03
399           	4.154953e-01	1.922232e-01	2.232721e-01	6.458486e-02	1.895346e-01	-1.249497e-01	1.572421e-01	-1.552448e-02	9.093176e-03	2.076584e-02	1.947610e-02	1.289744e-03
400           	4.155161e-01	1.923470e-01	2.231691e-01	6.465780e-02	1.895420e-01	-1.248842e-01	1.572131e-01	-1.541101e-02	9.149843e-03	2.044556e-02	1.937262e-02	1.072936e-03
401           	4.155924e-01	1.924960e-01	2.230965e-01	6.480595e-02	1.896152e-01	-1.248092e-01	1.572122e-01	-1.530025e-02	9.181045e-03	2.011511e-02	1.923860e-02	8.765112e-04
402           	4.157271e-01	1.926445e-01	2.230826e-01	6.494364e-02	1.897287e-01	-1.247851e-01	1.572569e-01	-1.521905e-02	9.211319e-03	1.985719e-02	1.913992e-02	7.172778e-04
403           	4.158641e-01	1.927708e-01	2.230933e-01	6.509081e-02	1.898496e-01	-1.247588e-01	1.573042e-01	-1.516126e-02	9.244891e-03	1.963505e-02	1.906242e-02	5.726339e-04
404           	4.160063e-01	1.928633e-01	2.231430e-01	6.512380e-02	1.899399e-01	-1.248161e-01	1.573780e-01	-1.513988e-02	9.310336e-03	1.951096e-02	1.906582e-02	4.451448e-04
405           	4.161168e-01	1.928925e-01	2.232243e-01	6.512543e-02	1.899872e-01	-1.248618e-01	1.574245e-01	-1.516589e-02	9.391467e-03	1.951717e-02	1.915005e-02	3.671176e-04
406           	4.162122e-01	1.928844e-01	2.233278e-01	6.499029e-02	1.899570e-01	-1.249667e-01	1.574619e-01	-1.522173e-02	9.510772e-03	1.962971e-02	1.932563e-02	3.040839e-04
407           	4.162197e-01	1.928366e-01	2.233830e-01	6.486393e-02	1.898772e-01	-1.250133e-01	1.574453e-01	-1.527320e-02	9.654572e-03	1.973199e-02	1.952057e-02	2.114250e-04
408           	4.161972e-01	1.927702e-01	2.234270e-01	6.465553e-02	1.897380e-01	-1.250825e-01	1.574102e-01	-1.532838e-02	9.790335e-03	1.989090e-02	1.973578e-02	1.551126e-04
409           	4.161598e-01	1.927284e-01	2.234314e-01	6.449586e-02	1.895900e-01	-1.250941e-01	1.573421e-01	-1.535149e-02	9.933456e-03	1.996497e-02	1.991594e-02	4.902974e-05
410           	4.161404e-01	1.927288e-01	2.234116e-01	6.431906e-02	1.894343e-01	-1.251152e-01	1.572748e-01	-1.534137e-02	1.005561e-02	1.998939e-02	2.005030e-02	-6.091094e-05
411           	4.161019e-01	1.927728e-01	2.233291e-01	6.426164e-02	1.893062e-01	-1.250446e-01	1.571754e-01	-1.527812e-02	1.014920e-02	1.986708e-02	2.008275e-02	-2.156613e-04
412           	4.161329e-01	1.928638e-01	2.232691e-01	6.425928e-02	1.892698e-01	-1.250105e-01	1.571401e-01	-1.520261e-02	1.020645e-02	1.971660e-02	2.006475e-02	-3.481517e-04
413           	4.162434e-01	1.929999e-01	2.232435e-01	6.435055e-02	1.893146e-01	-1.249640e-01	1.571393e-01	-1.512182e-02	1.023566e-02	1.950771e-02	1.998952e-02	-4.818094e-04
414           	4.163939e-01	1.931506e-01	2.232433e-01	6.441350e-02	1.893787e-01	-1.249652e-01	1.571720e-01	-1.504632e-02	1.024028e-02	1.932654e-02	1.990355e-02	-5.770055e-04
415           	4.165590e-01	1.932974e-01	2.232616e-01	6.456682e-02	1.895050e-01	-1.249382e-01	1.572216e-01	-1.498215e-02	1.022901e-02	1.914656e-02	1.980229e-02	-6.557291e-04
416           	4.167432e-01	1.934190e-01	2.233242e-01	6.464937e-02	1.896516e-01	-1.250022e-01	1.573269e-01	-1.495260e-02	1.023959e-02	1.904905e-02	1.976412e-02	-7.150672e-04
417           	4.169202e-01	1.934687e-01	2.234515e-01	6.468633e-02	1.897602e-01	-1.250739e-01	1.574171e-01	-1.499139e-02	1.024110e-02	1.911605e-02	1.979913e-02	-6.830715e-04
418           	4.170410e-01	1.934652e-01	2.235758e-01	6.459499e-02	1.897897e-01	-1.251947e-01	1.574922e-01	-1.505525e-02	1.029418e-02	1.926067e-02	1.992452e-02	-6.638461e-04
419           	4.171207e-01	1.934152e-01	2.237054e-01	6.449635e-02	1.897977e-01	-1.253014e-01	1.575495e-01	-1.514508e-02	1.035376e-02	1.948469e-02	2.009610e-02	-6.114149e-04
420           	4.170841e-01	1.933102e-01	2.237740e-01	6.431406e-02	1.897059e-01	-1.253918e-01	1.575488e-01	-1.523191e-02	1.045008e-02	1.974090e-02	2.032053e-02	-5.796332e-04
421           	4.170211e-01	1.931929e-01	2.238282e-01	6.410298e-02	1.895526e-01	-1.254496e-01	1.575011e-01	-1.531762e-02	1.052836e-02	2.000436e-02	2.053054e-02	-5.261788e-04
422           	4.169319e-01	1.931122e-01	2.238198e-01	6.390159e-02	1.894006e-01	-1.254990e-01	1.574498e-01	-1.535380e-02	1.061454e-02	2.016681e-02	2.069795e-02	-5.311353e-04
423           	4.168532e-01	1.930709e-01	2.237823e-01	6.378525e-02	1.892652e-01	-1.254800e-01	1.573726e-01	-1.535573e-02	1.064351e-02	2.025928e-02	2.077315e-02	-5.138679e-04
424           	4.167935e-01	1.930882e-01	2.237053e-01	6.369475e-02	1.891531e-01	-1.254584e-01	1.573058e-01	-1.530856e-02	1.065098e-02	2.023258e-02	2.076727e-02	-5.346928e-04
425           	4.167675e-01	1.931455e-01	2.236220e-01	6.373661e-02	1.891103e-01	-1.253737e-01	1.572420e-01	-1.523825e-02	1.061324e-02	2.011649e-02	2.067148e-02	-5.549921e-04
426           	4.168368e-01	1.932572e-01	2.235795e-01	6.381712e-02	1.891672e-01	-1.253501e-01	1.572587e-01	-1.516115e-02	1.053093e-02	1.997973e-02	2.052080e-02	-5.410633e-04
427           	4.169587e-01	1.933935e-01	2.235652e-01	6.396633e-02	1.892853e-01	-1.253190e-01	1.573021e-01	-1.508585e-02	1.041829e-02	1.982068e-02	2.032863e-02	-5.079559e-04
428           	4.171115e-01	1.935112e-01	2.236003e-01	6.408043e-02	1.894325e-01	-1.253521e-01	1.573923e-01	-1.504457e-02	1.030180e-02	1.973690e-02	2.017024e-02	-4.333471e-04
429           	4.172403e-01	1.935783e-01	2.236619e-01	6.420668e-02	1.895811e-01	-1.253745e-01	1.574778e-01	-1.504178e-02	1.019154e-02	1.973444e-02	2.005876e-02	-3.243179e-04
430           	4.173691e-01	1.935847e-01	2.237844e-01	6.421202e-02	1.897025e-01	-1.254905e-01	1.575965e-01	-1.509982e-02	1.009820e-02	1.990170e-02	2.004905e-02	-1.473487e-04
431           	4.174529e-01	1.935352e-01	2.239176e-01	6.417361e-02	1.897758e-01	-1.256022e-01	1.576890e-01	-1.519118e-02	1.004012e-02	2.013945e-02	2.010984e-02	2.960873e-05
432           	4.174558e-01	1.934087e-01	2.240471e-01	6.398064e-02	1.897237e-01	-1.257431e-01	1.577334e-01	-1.531921e-02	1.000246e-02	2.050974e-02	2.025733e-02	2.524125e-04
433           	4.173529e-01	1.932430e-01	2.241099e-01	6.382863e-02	1.896274e-01	-1.257988e-01	1.577131e-01	-1.543344e-02	9.985075e-03	2.086918e-02	2.041966e-02	4.495133e-04
434           	4.172201e-01	1.930758e-01	2.241443e-01	6.361380e-02	1.894911e-01	-1.258773e-01	1.576842e-01	-1.553423e-02	9.963894e-03	2.122970e-02	2.057874e-02	6.509547e-04
435           	4.170372e-01	1.929311e-01	2.241062e-01	6.347194e-02	1.893302e-01	-1.258583e-01	1.575943e-01	-1.558756e-02	9.912027e-03	2.149486e-02	2.065946e-02	8.354039e-04
436           	4.168826e-01	1.928454e-01	2.240372e-01	6.330797e-02	1.891531e-01	-1.258451e-01	1.574991e-01	-1.559589e-02	9.835066e-03	2.166083e-02	2.066548e-02	9.953505e-04
437           	4.167357e-01	1.928225e-01	2.239132e-01	6.332987e-02	1.890652e-01	-1.257353e-01	1.574002e-01	-1.554536e-02	9.712773e-03	2.166398e-02	2.054476e-02	1.119216e-03
438           	4.166604e-01	1.928562e-01	2.238042e-01	6.339692e-02	1.890507e-01	-1.256538e-01	1.573522e-01	-1.547397e-02	9.554629e-03	2.159916e-02	2.035421e-02	1.244950e-03
439           	4.166686e-01	1.929327e-01	2.237359e-01	6.355761e-02	1.891129e-01	-1.255553e-01	1.573341e-01	-1.540160e-02	9.359446e-03	2.148707e-02	2.010298e-02	1.384088e-03
440           	4.167261e-01	1.930197e-01	2.237064e-01	6.372559e-02	1.892358e-01	-1.255102e-01	1.573730e-01	-1.534330e-02	9.170014e-03	2.137227e-02	1.985615e-02	1.516119e-03
441           	4.168193e-01	1.930950e-01	2.237243e-01	6.395454e-02	1.894308e-01	-1.254762e-01	1.574535e-01	-1.531465e-02	8.981928e-03	2.130265e-02	1.963325e-02	1.669398e-03
442           	4.169134e-01	1.931121e-01	2.238013e-01	6.407762e-02	1.895992e-01	-1.255216e-01	1.575604e-01	-1.534457e-02	8.835468e-03	2.136047e-02	1.951570e-02	1.844766e-03
443           	4.169587e-01	1.930582e-01	2.239004e-01	6.418683e-02	1.897518e-01	-1.255649e-01	1.576583e-01	-1.542110e-02	8.738828e-03	2.150692e-02	1.949229e-02	2.014634e-03
444           	4.169501e-01	1.929294e-01	2.240207e-01	6.415612e-02	1.898197e-01	-1.256636e-01	1.577417e-01	-1.554567e-02	8.686143e-03	2.179206e-02	1.958217e-02	2.209886e-03
445           	4.168508e-01	1.927462e-01	2.241047e-01	6.408738e-02	1.897997e-01	-1.257123e-01	1.577560e-01	-1.567925e-02	8.686100e-03	2.210779e-02	1.974000e-02	2.367797e-03
446           	4.166730e-01	1.925450e-01	2.241280e-01	6.393514e-02	1.897029e-01	-1.257677e-01	1.577353e-01	-1.579152e-02	8.730054e-03	2.240358e-02	1.993185e-02	2.471737e-03
447           	4.164164e-01	1.923395e-01	2.240769e-01	6.381137e-02	1.895460e-01	-1.257346e-01	1.576403e-01	-1.586873e-02	8.784709e-03	2.262366e-02	2.009654e-02	2.527121e-03
448           	4.161900e-01	1.921827e-01	2.240072e-01	6.367057e-02	1.893833e-01	-1.257128e-01	1.575480e-01	-1.591226e-02	8.831390e-03	2.277102e-02	2.021690e-02	2.554118e-03
449           	4.159746e-01	1.921245e-01	2.238502e-01	6.367526e-02	1.892720e-01	-1.255967e-01	1.574344e-01	-1.586286e-02	8.871979e-03	2.265730e-02	2.020063e-02	2.456672e-03
450           	4.158414e-01	1.921398e-01	2.237016e-01	6.369618e-02	1.891914e-01	-1.254952e-01	1.573433e-01	-1.578093e-02	8.877249e-03	2.245971e-02	2.010710e-02	2.352606e-03
451           	4.157289e-01	1.922075e-01	2.235214e-01	6.387973e-02	1.891841e-01	-1.253043e-01	1.572442e-01	-1.565697e-02	8.860865e-03	2.210887e-02	1.991530e-02	2.193571e-03
452           	4.157462e-01	1.923379e-01	2.234083e-01	6.410687e-02	1.893017e-01	-1.251949e-01	1.572483e-01	-1.553515e-02	8.834284e-03	2.172457e-02	1.969657e-02	2.028001e-03
453           	4.158541e-01	1.925028e-01	2.233513e-01	6.438982e-02	1.894846e-01	-1.250948e-01	1.572897e-01	-1.542424e-02	8.792871e-03	2.133161e-02	1.945868e-02	1.872935e-03
454           	4.160122e-01	1.926485e-01	2.233637e-01	6.459398e-02	1.896670e-01	-1.250730e-01	1.573700e-01	-1.535760e-02	8.777869e-03	2.103985e-02	1.929780e-02	1.742056e-03
455           	4.161539e-01	1.927404e-01	2.234135e-01	6.480228e-02	1.898618e-01	-1.250596e-01	1.574607e-01	-1.533655e-02	8.799643e-03	2.084208e-02	1.922068e-02	1.621398e-03
456           	4.162736e-01	1.927654e-01	2.235082e-01	6.486276e-02	1.899909e-01	-1.251281e-01	1.575595e-01	-1.537144e-02	8.877692e-03	2.079515e-02	1.927527e-02	1.519883e-03
457           	4.163321e-01	1.927296e-01	2.236025e-01	6.482849e-02	1.900186e-01	-1.251901e-01	1.576043e-01	-1.543643e-02	8.998323e-03	2.083812e-02	1.941738e-02	1.420734e-03
458           	4.163259e-01	1.926463e-01	2.236797e-01	6.467249e-02	1.899490e-01	-1.252766e-01	1.576128e-01	-1.551669e-02	9.170439e-03	2.095177e-02	1.964632e-02	1.305447e-03
459           	4.162074e-01	1.925388e-01	2.236686e-01	6.452533e-02	1.898033e-01	-1.252780e-01	1.575406e-01	-1.556493e-02	9.358828e-03	2.102626e-02	1.987196e-02	1.154302e-03
460           	4.160760e-01	1.924578e-01	2.236183e-01	6.431349e-02	1.896093e-01	-1.252958e-01	1.574526e-01	-1.558026e-02	9.543729e-03	2.105708e-02	2.007227e-02	9.848096e-04
461           	4.159167e-01	1.924219e-01	2.234949e-01	6.418684e-02	1.894082e-01	-1.252214e-01	1.573148e-01	-1.553650e-02	9.704683e-03	2.094091e-02	2.017514e-02	7.657722e-04
462           	4.158007e-01	1.924661e-01	2.233346e-01	6.407219e-02	1.892184e-01	-1.251462e-01	1.571823e-01	-1.543424e-02	9.820690e-03	2.070849e-02	2.017494e-02	5.335554e-04
463           	4.157718e-01	1.925923e-01	2.231795e-01	6.413313e-02	1.891380e-01	-1.250049e-01	1.570714e-01	-1.529357e-02	9.885860e-03	2.035705e-02	2.006439e-02	2.926654e-04
464           	4.158017e-01	1.927781e-01	2.230236e-01	6.425175e-02	1.891352e-01	-1.248834e-01	1.570093e-01	-1.512274e-02	9.919180e-03	1.992220e-02	1.988028e-02	4.192259e-05
465           	4.159329e-01	1.929916e-01	2.229414e-01	6.445704e-02	1.892288e-01	-1.247718e-01	1.570003e-01	-1.497490e-02	9.908791e-03	1.949296e-02	1.965527e-02	-1.623090e-04
466           	4.161463e-01	1.932111e-01	2.229352e-01	6.465344e-02	1.893888e-01	-1.247353e-01	1.570620e-01	-1.486209e-02	9.893876e-03	1.914257e-02	1.946516e-02	-3.225931e-04
467           	4.164343e-01	1.933991e-01	2.230352e-01	6.483478e-02	1.895968e-01	-1.247620e-01	1.571794e-01	-1.481807e-02	9.885428e-03	1.893162e-02	1.935124e-02	-4.196155e-04
468           	4.166724e-01	1.934901e-01	2.231823e-01	6.488479e-02	1.897463e-01	-1.248615e-01	1.573039e-01	-1.484610e-02	9.911816e-03	1.891222e-02	1.936793e-02	-4.557061e-04
469           	4.168774e-01	1.934937e-01	2.233837e-01	6.487613e-02	1.898472e-01	-1.249710e-01	1.574091e-01	-1.494497e-02	9.968424e-03	1.906012e-02	1.949848e-02	-4.383662e-04
470           	4.170112e-01	1.934342e-01	2.235769e-01	6.472217e-02	1.898609e-01	-1.251387e-01	1.574998e-01	-1.507133e-02	1.009090e-02	1.930781e-02	1.974480e-02	-4.369948e-04
471           	4.170726e-01	1.933100e-01	2.237626e-01	6.449544e-02	1.897732e-01	-1.252777e-01	1.575254e-01	-1.522630e-02	1.022811e-02	1.966560e-02	2.006091e-02	-3.953095e-04
472           	4.169922e-01	1.931543e-01	2.238380e-01	6.419066e-02	1.895637e-01	-1.253731e-01	1.574684e-01	-1.534185e-02	1.039273e-02	1.999343e-02	2.038944e-02	-3.960136e-04
473           	4.168648e-01	1.930445e-01	2.238203e-01	6.394931e-02	1.893453e-01	-1.253960e-01	1.573707e-01	-1.538790e-02	1.054584e-02	2.016149e-02	2.062658e-02	-4.650905e-04
474           	4.167435e-01	1.929941e-01	2.237494e-01	6.372465e-02	1.891230e-01	-1.253983e-01	1.572606e-01	-1.537764e-02	1.065311e-02	2.023755e-02	2.077188e-02	-5.343329e-04
475           	4.166486e-01	1.930149e-01	2.236337e-01	6.364170e-02	1.889496e-01	-1.253079e-01	1.571287e-01	-1.530938e-02	1.071507e-02	2.015139e-02	2.079076e-02	-6.393735e-04
476           	4.165994e-01	1.931073e-01	2.234922e-01	6.363922e-02	1.888568e-01	-1.252176e-01	1.570372e-01	-1.519244e-02	1.073590e-02	1.994781e-02	2.070980e-02	-7.619946e-04
477           	4.166406e-01	1.932686e-01	2.233720e-01	6.382818e-02	1.889046e-01	-1.250764e-01	1.569905e-01	-1.505171e-02	1.069991e-02	1.965148e-02	2.052565e-02	-8.741697e-04
478           	4.168064e-01	1.934725e-01	2.233339e-01	6.400887e-02	1.890362e-01	-1.250273e-01	1.570318e-01	-1.493066e-02	1.063467e-02	1.937155e-02	2.032045e-02	-9.488983e-04
479           	4.170435e-01	1.936552e-01	2.233882e-01	6.425814e-02	1.892641e-01	-1.250060e-01	1.571350e-01	-1.486651e-02	1.054119e-02	1.918204e-02	2.013221e-02	-9.501705e-04
480           	4.172820e-01	1.937753e-01	2.235067e-01	6.440750e-02	1.894793e-01	-1.250718e-01	1.572756e-01	-1.486569e-02	1.047039e-02	1.914037e-02	2.004057e-02	-9.002008e-04
481           	4.175122e-01	1.938212e-01	2.236910e-01	6.450203e-02	1.896737e-01	-1.251717e-01	1.574227e-01	-1.493490e-02	1.042214e-02	1.925155e-02	2.004791e-02	-7.963622e-04
482           	4.176748e-01	1.937797e-01	2.238951e-01	6.443857e-02	1.897880e-01	-1.253495e-01	1.575688e-01	-1.505773e-02	1.042400e-02	1.950818e-02	2.017809e-02	-6.699091e-04
483           	4.177504e-01	1.936357e-01	2.241148e-01	6.428097e-02	1.897952e-01	-1.255142e-01	1.576547e-01	-1.523956e-02	1.044333e-02	1.993621e-02	2.041144e-02	-4.752292e-04
484           	4.177036e-01	1.934360e-01	2.242675e-01	6.400360e-02	1.896847e-01	-1.256811e-01	1.576829e-01	-1.541576e-02	1.051148e-02	2.039942e-02	2.071119e-02	-3.117726e-04
485           	4.175996e-01	1.932587e-01	2.243408e-01	6.370314e-02	1.894946e-01	-1.257914e-01	1.576430e-01	-1.554107e-02	1.056515e-02	2.079891e-02	2.096461e-02	-1.656949e-04
486           	4.173977e-01	1.931093e-01	2.242884e-01	6.338803e-02	1.892383e-01	-1.258503e-01	1.575443e-01	-1.558955e-02	1.061177e-02	2.105628e-02	2.113991e-02	-8.362942e-05
487           	4.172011e-01	1.930172e-01	2.241839e-01	6.318437e-02	1.889997e-01	-1.258153e-01	1.574075e-01	-1.558335e-02	1.059432e-02	2.119990e-02	2.119427e-02	5.631900e-06
488           	4.170324e-01	1.930097e-01	2.240227e-01	6.308584e-02	1.888381e-01	-1.257523e-01	1.572952e-01	-1.550650e-02	1.054148e-02	2.116802e-02	2.112549e-02	4.253400e-05
489           	4.169688e-01	1.930943e-01	2.238745e-01	6.310563e-02	1.887534e-01	-1.256478e-01	1.572006e-01	-1.539009e-02	1.041039e-02	2.102846e-02	2.092462e-02	1.038416e-04
490           	4.169472e-01	1.932170e-01	2.237302e-01	6.325434e-02	1.887830e-01	-1.255287e-01	1.571558e-01	-1.525662e-02	1.023216e-02	2.082900e-02	2.064667e-02	1.823386e-04
491           	4.170577e-01	1.933782e-01	2.236795e-01	6.352012e-02	1.889660e-01	-1.254459e-01	1.572060e-01	-1.515064e-02	1.001537e-02	2.063356e-02	2.033215e-02	3.014119e-04
492           	4.172257e-01	1.934989e-01	2.237268e-01	6.375615e-02	1.891996e-01	-1.254434e-01	1.573215e-01	-1.511397e-02	9.773938e-03	2.058551e-02	2.006669e-02	5.188175e-04
493           	4.174614e-01	1.935856e-01	2.238758e-01	6.395421e-02	1.894586e-01	-1.255044e-01	1.574815e-01	-1.514510e-02	9.551766e-03	2.065420e-02	1.987887e-02	7.753358e-04
494           	4.176043e-01	1.935533e-01	2.240510e-01	6.404687e-02	1.896619e-01	-1.256150e-01	1.576384e-01	-1.524887e-02	9.378515e-03	2.090191e-02	1.982947e-02	1.072440e-03
495           	4.177110e-01	1.934268e-01	2.242841e-01	6.404097e-02	1.898040e-01	-1.257631e-01	1.577836e-01	-1.542865e-02	9.258131e-03	2.131671e-02	1.991649e-02	1.400224e-03
496           	4.177206e-01	1.931946e-01	2.245260e-01	6.389773e-02	1.898388e-01	-1.259410e-01	1.578899e-01	-1.566572e-02	9.194620e-03	2.189952e-02	2.014438e-02	1.755139e-03
497           	4.176230e-01	1.929274e-01	2.246956e-01	6.369642e-02	1.897671e-01	-1.260707e-01	1.579189e-01	-1.588408e-02	9.181960e-03	2.244766e-02	2.040579e-02	2.041871e-03
498           	4.173885e-01	1.926395e-01	2.247490e-01	6.341101e-02	1.895682e-01	-1.261572e-01	1.578627e-01	-1.605475e-02	9.191254e-03	2.294235e-02	2.066243e-02	2.279924e-03
499           	4.171081e-01	1.924103e-01	2.246978e-01	6.321923e-02	1.893667e-01	-1.261475e-01	1.577571e-01	-1.614377e-02	9.193242e-03	2.326379e-02	2.082514e-02	2.438652e-03
500           	4.167974e-01	1.922526e-01	2.245448e-01	6.308733e-02	1.891725e-01	-1.260851e-01	1.576288e-01	-1.614614e-02	9.188855e-03	2.337832e-02	2.087802e-02	2.500307e-03
